1469751243683,-0.35107422,0.71606445,0.61035156
1469751243741,-0.3461914,0.72021484,0.609375
1469751243780,-0.35351563,0.7253418,0.6184082
1469751243812,-0.35302734,0.71850586,0.61376953
1469751243844,-0.35180664,0.71118164,0.60668945
1469751243894,-0.3479004,0.7150879,0.6074219
1469751243948,-0.3474121,0.72021484,0.6074219
1469751243989,-0.34960938,0.71606445,0.60498047
1469751244056,-0.35229492,0.720459,0.6088867
1469751244088,-0.35327148,0.7194824,0.6105957
1469751244123,-0.35009766,0.7180176,0.6047363
1469751244156,-0.34838867,0.7167969,0.6027832
1469751244196,-0.34960938,0.7199707,0.60913086
1469751244228,-0.3527832,0.71972656,0.6064453
1469751244262,-0.3491211,0.7175293,0.6022949
1469751244296,-0.35131836,0.7199707,0.6010742
1469751244332,-0.35424805,0.7219238,0.61035156
1469751244367,-0.35229492,0.71899414,0.6040039
1469751244400,-0.34472656,0.7155762,0.59936523
1469751244443,-0.34985352,0.7194824,0.6086426
1469751244472,-0.3527832,0.72094727,0.6008301
1469751244506,-0.35302734,0.7194824,0.6027832
1469751244536,-0.3540039,0.72387695,0.6101074
1469751244576,-0.3503418,0.72216797,0.60058594
1469751244608,-0.3491211,0.7192383,0.595459
1469751244640,-0.34936523,0.7253418,0.6047363
1469751244675,-0.35131836,0.72509766,0.60839844
1469751244702,-0.35302734,0.72265625,0.5986328
1469751244735,-0.36401367,0.7441406,0.61865234
1469751244769,-0.3972168,0.8183594,0.7102051
1469751244799,-0.49951172,0.9584961,1.1062012
1469751244833,-0.29956055,0.9160156,1.0095215
1469751244882,-0.044189453,1.3168945,0.55566406
1469751244900,-0.055664063,0.6245117,0.53930664
1469751244918,-0.021972656,0.5830078,0.6479492
1469751244953,0.030761719,0.5358887,0.55688477
1469751245024,-0.061035156,0.64086914,0.5690918
1469751245049,-0.1184082,0.83325195,0.5498047
1469751245088,-0.053222656,0.68359375,0.32739258
1469751245117,-0.024169922,0.93481445,0.38891602
1469751245153,0.02734375,0.7380371,0.49145508
1469751245179,0.099853516,0.71899414,0.5222168
1469751245214,0.13354492,0.85717773,0.45629883
1469751245248,0.19262695,0.81396484,0.48583984
1469751245281,0.14501953,0.9316406,0.5332031
1469751245315,0.095458984,1.034668,0.5883789
1469751245336,0.038330078,0.9584961,0.6333008
1469751245386,0.028808594,1.1411133,0.53027344
1469751245413,-0.012939453,0.8911133,0.5444336
1469751245430,-0.09326172,0.8095703,0.6430664
1469751245481,-0.11376953,0.79785156,0.56811523
1469751245512,-0.15917969,0.8347168,0.5439453
1469751245548,-0.19702148,0.7524414,0.57299805
1469751245585,-0.37353516,0.85424805,0.61035156
1469751245600,-0.3400879,0.78344727,0.6916504
1469751245630,-0.33276367,0.57470703,0.6640625
1469751245666,-0.38354492,0.6796875,0.5983887
1469751245697,-0.38330078,0.5966797,0.61694336
1469751245736,-0.4494629,0.43164063,0.5932617
1469751245764,-0.501709,0.55859375,0.49023438
1469751245796,-0.5776367,0.3996582,0.7116699
1469751245828,-0.51293945,0.3005371,0.85009766
1469751245886,-0.41235352,0.31713867,0.845459
1469751245898,-0.3227539,0.29541016,0.88842773
1469751245939,-0.32202148,0.28100586,0.9135742
1469751245976,-0.33691406,0.4169922,0.8520508
1469751245994,-0.3383789,0.44750977,0.87768555
1469751246028,-0.37036133,0.4272461,0.8989258
1469751246063,-0.36279297,0.3317871,0.8742676
1469751246097,-0.39013672,0.35717773,0.90478516
1469751246135,-0.39135742,0.37719727,0.8798828
1469751246167,-0.40478516,0.40429688,0.86987305
1469751246175,-0.40844727,0.40307617,0.7519531
1469751246209,-0.36572266,0.39453125,0.76586914
1469751246244,-0.33935547,0.3713379,0.8288574
1469751246277,-0.29052734,0.3869629,0.8552246
1469751246314,-0.32177734,0.3984375,0.9104004
1469751246351,-0.34570313,0.48657227,0.84375
1469751246381,-0.2722168,0.3942871,0.8972168
1469751246416,-0.40942383,0.32592773,0.8835449
1469751246448,-0.46801758,0.44677734,0.7470703
1469751246482,-0.42456055,0.45336914,0.81933594
1469751246498,-0.34692383,0.5307617,0.90649414
1469751246545,-0.1340332,0.56152344,0.66918945
1469751246579,-0.24829102,0.40966797,0.8666992
1469751246591,-0.3425293,0.592041,0.9663086
1469751246643,-0.35595703,0.55200195,0.7480469
1469751246659,-0.48413086,0.35107422,0.7788086
1469751246695,-0.5673828,0.47607422,0.6904297
1469751246734,-0.74316406,0.49536133,0.65283203
1469751246756,-0.7751465,0.5957031,0.45263672
1469751246791,-0.6052246,0.69311523,0.27929688
1469751246826,-0.39916992,0.75390625,0.0146484375
1469751246858,-0.13623047,0.9482422,-0.20507813
1469751246902,0.084228516,0.86328125,-0.20898438
1469751246928,0.118896484,1.0402832,0.3461914
1469751246955,0.3137207,0.9172363,0.23217773
1469751246989,0.32373047,1.1237793,-0.21069336
1469751247040,0.29345703,1.2834473,-0.19213867
1469751247081,-0.07836914,1.2241211,-0.40429688
1469751247144,-0.42626953,0.89746094,-1.0327148
1469751247171,-0.5578613,0.86572266,-1.0478516
1469751247228,-0.48486328,0.8562012,-0.78149414
1469751247251,-0.33276367,0.7741699,-0.45751953
1469751247286,-0.3425293,0.6843262,0.035888672
1469751247319,-0.4663086,1.0654297,-0.7800293
1469751247342,-0.4560547,0.9074707,-0.6586914
1469751247370,-0.24682617,0.6479492,-0.04248047
1469751247406,-0.18945313,0.78637695,-0.57836914
1469751247459,-0.10839844,0.7980957,-0.625
1469751247491,0.08496094,0.64624023,-0.22875977
1469751247525,0.22827148,0.6870117,-0.060058594
1469751247544,-0.22338867,0.7314453,-0.2548828
1469751247577,-0.10668945,0.7988281,-0.45361328
1469751247606,-0.34228516,0.9868164,-0.86865234
1469751247638,-0.68481445,1.0505371,-1.2709961
1469751247669,-0.48095703,1.0986328,-0.51904297
1469751247707,-0.51464844,0.8757324,-0.6567383
1469751247735,-0.26098633,1.0708008,-0.44848633
1469751247768,0.28320313,0.171875,1.4523926
1469751247804,-0.76416016,0.9638672,0.40942383
1469751247838,0.11791992,0.6508789,-0.6621094
1469751247874,-0.47973633,1.2492676,-1.4101563
1469751247910,-0.24291992,0.7438965,-0.34838867
1469751247944,-0.55810547,1.1362305,-0.3618164
1469751247951,0.051757813,0.5773926,-0.038085938
1469751248000,-0.37353516,0.9650879,0.7507324
1469751248019,-0.45996094,0.59472656,-0.04296875
1469751248062,-0.0026855469,0.8720703,-0.8984375
1469751248089,-0.89331055,1.15625,-0.22045898
1469751248121,-0.40185547,0.8623047,-0.5732422
1469751248151,-0.24926758,0.828125,0.14575195
1469751248185,-0.2692871,0.5559082,0.041503906
1469751248219,-0.50683594,0.8359375,0.051513672
1469751248259,-0.5546875,0.7878418,-0.35253906
1469751248289,-0.48120117,1.2946777,-0.90063477
1469751248586,-0.34545898,1.2478027,-0.7961426
1469751248673,-0.23022461,0.58374023,-0.107421875
1469751248989,-0.16455078,0.86157227,-0.21582031
1469751249050,-0.16772461,1.2231445,-0.16259766
1469751249084,-0.024902344,1.1945801,0.060791016
1469751249118,-0.1394043,0.8791504,-0.1574707
1469751249146,-0.118652344,1.1159668,0.122802734
1469751249183,-0.42749023,0.8815918,-0.31152344
1469751249218,-0.545166,1.0397949,-0.3527832
1469751249249,-0.2734375,1.0759277,0.17333984
1469751249267,-0.28735352,0.74658203,0.26635742
1469751249302,-0.5078125,0.51342773,-0.052734375
1469751249334,-0.65478516,0.9121094,0.34375
1469751249363,-0.5822754,0.9733887,-0.21069336
1469751249400,-0.28222656,0.923584,-0.5097656
1469751249433,-0.32055664,0.6242676,-0.80981445
1469751249469,-0.28173828,0.814209,-0.85058594
1469751249500,-0.2397461,0.8527832,-0.71777344
1469751249534,-0.1550293,0.8330078,-0.45629883
1469751249563,-0.075683594,1.0007324,-0.32910156
1469751249631,-0.38891602,1.1430664,-0.43408203
1469751249666,-0.18310547,0.7167969,-0.38452148
1469751249682,-0.01171875,0.7844238,0.24536133
1469751249733,-0.75927734,0.71606445,-0.390625
1469751249761,-0.063964844,1.4206543,-0.13378906
1469751249781,-0.28149414,0.513916,0.16918945
1469751249829,-0.44262695,1.1584473,0.17895508
1469751249846,-0.8208008,1.1411133,-0.045654297
1469751249887,-0.4963379,0.5126953,0.22753906
1469751249915,-0.328125,0.92407227,0.2331543
1469751249945,-0.30126953,0.8635254,-0.056396484
1469751249995,-0.17260742,0.7937012,-0.21484375
1469751250021,-0.053466797,0.7675781,-0.8642578
1469751250054,-0.15234375,1.182373,-0.41503906
1469751250088,-0.12133789,1.3518066,0.17993164
1469751250124,-0.011230469,0.6437988,-0.3630371
1469751250157,-0.14013672,0.8557129,-0.26293945
1469751250195,0.06738281,1.5725098,0.28076172
1469751250213,-0.43774414,0.90185547,-0.14624023
1469751250247,-0.2927246,1.0756836,-0.15649414
1469751250265,-0.50024414,1.0595703,-0.17358398
1469751250338,-0.40844727,0.87524414,-0.23803711
1469751250375,-0.4104004,1.1384277,-0.30810547
1469751250416,-0.05126953,0.8774414,-0.36914063
1469751250434,-0.011962891,0.7714844,-0.09838867
1469751250471,-0.051757813,0.87060547,-0.36157227
1469751250504,-0.115234375,0.8273926,0.09692383
1469751250538,-0.31323242,0.59375,-0.0012207031
1469751250573,-0.1977539,1.1479492,-0.1303711
1469751250619,-0.08911133,1.0883789,-0.08251953
1469751250640,-0.32373047,0.95751953,0.23901367
1469751250675,-0.58984375,1.1608887,-0.15258789
1469751250709,-0.35083008,0.87231445,-0.025634766
1469751250744,-0.30004883,1.0898438,0.06542969
1469751250792,-0.25708008,0.9067383,-0.31396484
1469751250825,-0.20751953,0.75097656,-0.68237305
1469751250853,-0.3395996,0.71777344,-0.39038086
1469751250899,-0.095703125,0.7036133,-0.43652344
1469751250920,-0.15673828,0.86987305,-0.42626953
1469751250940,-0.0769043,1.015625,-0.6254883
1469751250993,-0.23095703,0.8276367,-0.55200195
1469751251008,-0.26733398,1.1032715,-0.5390625
1469751251062,-0.27905273,0.94189453,-0.35839844
1469751251095,-0.32910156,0.9506836,-0.37231445
1469751251125,-0.22290039,0.6784668,-0.62939453
1469751251148,-0.23779297,0.68603516,-0.7194824
1469751251174,-0.2541504,0.6989746,-0.51416016
1469751251215,-0.18310547,0.90356445,-0.38793945
1469751251242,-0.36328125,0.8256836,-0.30664063
1469751251275,-0.36108398,0.96313477,-0.3503418
1469751251309,-0.36499023,0.8227539,-0.43188477
1469751251333,-0.36547852,0.90234375,-0.47021484
1469751251373,-0.38354492,0.4489746,-0.5283203
1469751251408,-0.24121094,0.5529785,-0.49389648
1469751251424,-0.099365234,1.0703125,-0.61987305
1469751251474,0.06567383,0.97436523,-0.38867188
1469751251492,-0.061767578,0.736084,-0.47973633
1469751251527,-0.19067383,0.9428711,-0.70825195
1469751251571,-0.072509766,0.8574219,-0.44677734
1469751251589,-0.40771484,0.8845215,-0.5292969
1469751251626,-0.33398438,0.72875977,-0.3701172
1469751251658,-0.37475586,0.9633789,-0.49169922
1469751251691,-0.46020508,0.9428711,-0.49169922
1469751251733,-0.42773438,0.7687988,-0.34716797
1469751251762,-0.2722168,0.72094727,-0.54345703
1469751252066,-0.32470703,0.64160156,-0.7260742
1469751252111,-0.32104492,0.8874512,-0.5576172
1469751252152,-0.2446289,0.8041992,-0.4038086
1469751252435,-0.009765625,1.0412598,-0.51342773
1469751252500,-0.44995117,0.8376465,-0.54125977
1469751252536,-0.25195313,0.6730957,-0.8979492
1469751252571,-0.08105469,0.86816406,-0.58813477
1469751252587,-0.18481445,1.1574707,-0.21142578
1469751252635,-0.11743164,1.0998535,-0.6374512
1469751252662,-0.24731445,0.78344727,-0.5012207
1469751252692,0.009033203,0.63061523,0.12231445
1469751252721,-0.03955078,0.8840332,0.4169922
1469751252750,-0.22631836,1.2194824,0.072753906
1469751252785,-0.13720703,1.1108398,0.049804688
1469751252827,-0.2680664,1.2451172,-0.48413086
1469751252854,-0.732666,1.3181152,-1.2958984
1469751252891,-0.19848633,0.9904785,-0.50341797
1469751252920,-0.47094727,1.1240234,-0.58203125
1469751252949,-0.3527832,0.99072266,-0.100097656
1469751252991,-0.1706543,0.46728516,1.1992188
1469751253018,-0.05102539,1.0114746,0.4855957
1469751253056,-0.19311523,1.171875,-0.2697754
1469751253073,0.10888672,0.80029297,-0.107177734
1469751253103,-0.3400879,1.2971191,-0.21777344
1469751253148,-0.6345215,1.4711914,-0.9309082
1469751253166,-0.3005371,1.3054199,-0.3425293
1469751253199,0.04638672,0.5305176,-0.12036133
1469751253234,0.075683594,0.8395996,0.7644043
1469751253274,0.22460938,0.5751953,1.2475586
1469751253306,-0.014160156,0.83251953,0.29174805
1469751253330,0.119384766,0.75390625,0.07519531
1469751253366,-0.37646484,1.3291016,-0.46533203
1469751253399,-0.67993164,1.4460449,-0.93066406
1469751253433,-0.2548828,0.94506836,-0.2163086
1469751253468,-0.36669922,1.088623,-0.30419922
1469751253501,0.0126953125,0.47436523,0.8894043
1469751253537,0.33740234,0.35058594,1.34375
1469751253569,-0.014404297,1.2373047,0.3413086
1469751253606,0.23339844,0.9716797,0.059570313
1469751253616,-0.12036133,1.1379395,-0.50439453
1469751253651,-0.57788086,1.7580566,-1.0961914
1469751253683,-0.21777344,0.9272461,-0.12060547
1469751253718,-0.44604492,0.7590332,0.38232422
1469751253748,-0.104003906,0.6069336,0.5576172
1469751253781,0.095214844,0.66625977,0.7746582
1469751253814,-0.23242188,1.0891113,0.45483398
1469751253851,-0.24438477,1.2404785,0.06958008
1469751253883,-0.1159668,1.0991211,-0.21118164
1469751253917,-0.09790039,1.1569824,-0.17993164
1469751253951,0.092285156,0.92578125,-0.08569336
1469751253985,0.6203613,0.69140625,0.2800293
1469751254021,0.54833984,0.83569336,0.1652832
1469751254055,0.107666016,0.74316406,0.5876465
1469751254101,-0.32177734,1.270752,-0.41552734
1469751254128,-0.5119629,1.6103516,-0.66503906
1469751254200,-0.66967773,1.3654785,0.064697266
1469751254232,-0.17358398,0.8461914,0.02734375
1469751254266,0.068603516,0.5036621,0.6052246
1469751254299,0.3552246,0.7648926,0.8691406
1469751254334,0.021240234,1.1621094,0.30151367
1469751254368,0.18554688,0.8005371,-0.06689453
1469751254403,-0.31982422,1.1218262,-0.31445313
1469751254438,-0.6237793,1.684082,-0.7336426
1469751254471,-0.32373047,1.0129395,-0.35473633
1469751254507,-0.47265625,0.7705078,0.06274414
1469751254519,-0.12670898,0.86938477,0.10131836
1469751254577,0.15844727,0.46899414,0.6647949
1469751254616,0.26245117,1.0068359,0.16552734
1469751254662,-0.024169922,0.64990234,0.26342773
1469751254680,-0.35766602,1.3566895,-0.7312012
1469751254714,-0.3388672,1.730957,-1.3493652
1469751254759,-0.1965332,0.7504883,-0.4970703
1469751254777,-0.14428711,0.86035156,-0.27026367
1469751254823,-0.13745117,1.0859375,-0.21069336
1469751254852,0.14428711,0.98657227,-0.06201172
1469751254880,0.20996094,0.8757324,-0.049560547
1469751254917,-0.056152344,1.2414551,-0.2043457
1469751254941,-0.080322266,0.8886719,-0.21118164
1469751254977,-0.21459961,0.84106445,-0.64868164
1469751255019,-0.3395996,0.91186523,-0.7626953
1469751255046,-0.14624023,0.9987793,-0.2475586
1469751255078,-0.21655273,0.84521484,-0.09863281
1469751255095,-0.30664063,1.0949707,-0.24731445
1469751255143,-0.2998047,0.96362305,-0.45385742
1469751255442,-0.31396484,1.121582,-0.4584961
1469751255525,-0.26513672,1.0739746,-0.35986328
1469751255881,-0.28271484,0.97143555,-0.49780273
1469751255951,-0.40820313,0.9848633,-0.6347656
1469751255984,-0.44604492,0.8796387,-0.8203125
1469751256014,-0.3383789,0.9489746,-0.4741211
1469751256043,-0.37402344,0.9797363,-0.5620117
1469751256076,-0.21948242,0.8466797,-0.72802734
1469751256115,0.018066406,0.6347656,-0.11645508
1469751256145,0.11669922,0.9211426,0.57006836
1469751256182,-0.013427734,1.2053223,0.114990234
1469751256219,0.07470703,1.0002441,-0.39916992
1469751256255,0.12817383,0.9147949,-0.0026855469
1469751256308,-0.40698242,0.81884766,-0.43554688
1469751256336,-0.30932617,0.9394531,-0.63623047
1469751256359,-0.091796875,0.7241211,0.1875
1469751256407,-0.12963867,1.0422363,-0.31811523
1469751256422,-0.56030273,1.2382813,-0.5839844
1469751256465,-0.36987305,1.0859375,-0.46142578
1469751256490,-0.27563477,0.9057617,-0.28344727
1469751256518,-0.27685547,1.1982422,-0.37670898
1469751256557,-0.16772461,1.0563965,-0.40844727
1469751256587,0.026123047,0.7219238,-0.44018555
1469751256621,0.008056641,0.76586914,-0.12036133
1469751256668,0.080078125,1.0266113,0.104003906
1469751256689,-0.03930664,1.0336914,0.3527832
1469751256718,0.15185547,1.0773926,-0.11401367
1469751256760,-0.020507813,0.7746582,-0.50756836
1469751256786,-0.48046875,0.75024414,-0.42504883
1469751256819,-0.0390625,0.8244629,-0.30859375
1469751256837,-0.125,0.8305664,-0.25732422
1469751256888,-0.2788086,1.128418,-0.61572266
1469751256907,-0.4321289,1.1691895,-0.77001953
1469751256941,-0.45922852,0.8366699,-0.90771484
1469751256984,-0.27734375,0.78564453,-0.4716797
1469751257017,-0.22680664,0.7531738,-0.5222168
1469751257051,-0.1274414,0.7141113,-0.7155762
1469751257073,0.028808594,0.7590332,-0.49365234
1469751257104,0.11694336,0.84472656,-0.23339844
1469751257141,0.091308594,1.0944824,-0.17797852
1469751257168,0.044433594,0.81396484,-0.41967773
1469751257200,-0.14697266,0.7495117,-0.80322266
1469751257235,-0.4267578,0.6328125,-0.27734375
1469751257269,0.34399414,0.8400879,-0.21875
1469751257310,-0.2421875,0.8334961,-0.58154297
1469751257333,-0.37963867,0.9313965,-0.51708984
1469751257365,-0.3239746,0.98779297,-0.6496582
1469751257400,-0.37719727,1.057373,-0.3828125
1469751257434,-0.35180664,1.0124512,-0.34887695
1469751257468,-0.19702148,1.112793,-0.54174805
1469751257503,0.07763672,0.67626953,-0.39208984
1469751257516,0.1887207,0.77441406,-0.14404297
1469751257548,-0.10253906,0.97216797,-0.2355957
1469751257585,-0.035888672,0.74072266,-0.5300293
1469751257616,-0.15063477,0.77319336,-0.7067871
1469751257652,-0.46484375,0.9555664,-0.18969727
1469751257687,-0.375,0.8540039,0.048339844
1469751257714,-0.1628418,1.0319824,-0.43408203
1469751257748,-0.47436523,1.0683594,-0.25439453
1469751257781,-0.38110352,1.112793,-0.16748047
1469751257816,-0.22680664,1.0993652,-0.122558594
1469751257851,-0.030273438,1.1188965,-0.11352539
1469751257884,0.016113281,1.0715332,-0.1496582
1469751257903,-0.1730957,0.7565918,-0.27441406
1469751257949,-0.26171875,0.76782227,-0.6113281
1469751257970,-0.11352539,0.8063965,-0.27124023
1469751258006,-0.31591797,0.9394531,0.07543945
1469751258036,-0.2915039,0.9399414,-0.11352539
1469751258067,-0.42529297,1.059082,-0.21142578
1469751258106,-0.4333496,1.1728516,-0.20825195
1469751258129,-0.2902832,1.059082,-0.3713379
1469751258164,-0.15917969,0.9333496,-0.35742188
1469751258195,-0.19140625,1.0720215,-0.47753906
1469751258232,-0.068847656,0.85668945,-0.49145508
1469751258265,-0.09082031,0.85009766,-0.42407227
1469751258290,-0.09033203,0.7956543,-0.47680664
1469751258329,-0.057128906,0.6672363,-0.6621094
1469751258361,-0.06640625,0.5969238,-0.4741211
1469751258379,-0.2553711,1.0131836,-0.3088379
1469751258431,-0.08154297,0.921875,-0.3942871
1469751258454,-0.08569336,0.89624023,-0.49316406
1469751258483,0.08666992,0.88134766,-0.35131836
1469751258530,0.029541016,0.85009766,-0.21508789
1469751258544,0.006591797,0.9650879,-0.34838867
1469751258584,-0.0073242188,0.6755371,-0.38720703
1469751258613,-0.07104492,0.8808594,-0.39404297
1469751258656,-0.13598633,0.9638672,-0.56030273
1469751258682,-0.28076172,0.8691406,-0.9238281
1469751258991,-0.3955078,0.59643555,-1.0737305
1469751259064,-0.16503906,0.83325195,-0.47583008
1469751259098,0.011962891,0.6503906,-0.2109375
1469751259126,0.17211914,0.92089844,0.111328125
1469751259160,-0.02709961,1.0644531,-0.39941406
1469751259192,0.03515625,0.9719238,-0.5361328
1469751259227,-0.1616211,0.7302246,-0.44360352
1469751259263,-0.31396484,0.7939453,-0.7001953
1469751259296,-0.48461914,0.6809082,-0.8469238
1469751259323,-0.27172852,0.53637695,-0.8510742
1469751259359,-0.2944336,0.71484375,-1.4025879
1469751259391,-0.22680664,0.6599121,-0.72021484
1469751259427,-0.22021484,0.515625,-0.6669922
1469751259446,0.13476563,0.4790039,-0.4584961
1469751259495,0.13964844,1.5061035,0.32788086
1469751259523,-0.06713867,0.9543457,-0.31982422
1469751259548,0.118652344,0.6044922,-0.842041
1469751259591,-0.17749023,0.63793945,-0.8354492
1469751259609,-0.31689453,0.7294922,-0.71777344
1469751259647,-0.42651367,0.66430664,-1.2145996
1469751259677,-0.3371582,0.8156738,-0.8691406
1469751259710,-0.26123047,0.81030273,-0.52441406
1469751259740,-0.05078125,0.8222656,-0.25756836
1469751259774,0.14624023,1.0622559,0.064208984
1469751259807,0.122802734,0.732666,-0.42749023
1469751259846,-0.047607422,0.74072266,-0.8642578
1469751259880,-0.22729492,0.765625,-0.9560547
1469751259905,-0.45483398,0.5698242,-1.435791
1469751259939,-0.2199707,0.70654297,-0.7668457
1469751259973,-0.32250977,0.7668457,-0.65405273
1469751260007,-0.23828125,0.6508789,-0.8774414
1469751260026,0.13208008,0.70751953,-0.2163086
1469751260075,0.11987305,1.1303711,0.19750977
1469751260093,-0.006591797,0.86621094,-0.5620117
1469751260129,-0.029052734,0.579834,-0.8076172
1469751260172,0.10498047,0.904541,-0.36572266
1469751260189,-0.26879883,0.6542969,-0.37280273
1469751260238,-0.35302734,0.8977051,-0.6677246
1469751260259,-0.38549805,0.8354492,-0.71875
1469751260294,-0.33691406,0.84228516,-0.87939453
1469751260328,-0.2956543,0.74560547,-1.0705566
1469751260363,-0.24609375,0.69677734,-0.93359375
1469751260397,-0.29516602,0.6899414,-0.5925293
1469751260433,-0.1616211,0.8220215,-0.9592285
1469751260467,0.067871094,0.6982422,-0.7233887
1469751260501,0.19995117,0.7565918,-0.5593262
1469751260534,0.11328125,0.40625,0.19702148
1469751260569,0.12915039,1.0014648,-0.2446289
1469751260609,0.24707031,0.7902832,-0.9692383
1469751260676,-0.044921875,0.91064453,-0.52490234
1469751260706,-0.05908203,0.85375977,-0.6086426
1469751260757,-0.20361328,0.59887695,-0.8808594
1469751260778,-0.08544922,0.5205078,-0.7529297
1469751260813,-0.1105957,0.83935547,-0.5161133
1469751260849,0.026123047,0.62646484,-0.5024414
1469751260881,0.106933594,0.7373047,-0.5871582
1469751260915,-0.20336914,0.8166504,-0.67822266
1469751260949,-0.47753906,0.74560547,-1.0637207
1469751260986,-0.38500977,0.64404297,-0.9794922
1469751261019,-0.22290039,0.6467285,-0.7219238
1469751261059,-0.37329102,0.7871094,-0.61743164
1469751261091,-0.114746094,0.560791,-0.87231445
1469751261136,0.23486328,0.4465332,-0.3256836
1469751261168,0.0126953125,1.2602539,-0.12646484
1469751261194,0.03173828,1.1428223,-0.6179199
1469751261237,0.12231445,0.8256836,-0.7861328
1469751261264,0.046875,0.6777344,-0.69970703
1469751261298,0.13012695,0.65966797,-0.5930176
1469751261338,0.24072266,0.9484863,-0.5822754
1469751261364,2.4414063E-4,0.73168945,-0.41210938
1469751261388,0.036865234,0.9694824,-0.6105957
1469751261419,-0.092041016,0.38989258,-0.6621094
1469751261455,-0.1809082,0.6196289,-0.65283203
1469751261487,0.016357422,0.7644043,-0.4885254
1469751261516,-0.095703125,0.7636719,-0.64160156
1469751261550,0.022216797,0.9382324,-0.30688477
1469751261588,-0.061523438,0.814209,-0.3701172
1469751261618,-0.27148438,0.9716797,-0.70751953
1469751261652,-0.4272461,0.83374023,-0.86938477
1469751261675,-0.4284668,0.7531738,-0.92041016
1469751261714,-0.15551758,0.5612793,-0.9472656
1469751261749,-0.1237793,0.6184082,-0.88500977
1469751262055,-0.05493164,1.0739746,-0.6274414
1469751262131,0.07519531,0.5769043,-0.10595703
1469751262431,0.10473633,1.2160645,-0.28027344
1469751262510,0.16308594,0.97509766,0.23828125
1469751262550,-0.049072266,0.91845703,-0.27783203
1469751262582,-0.07055664,0.81640625,-0.57470703
1469751262615,-0.0063476563,0.8745117,-0.38549805
1469751262637,-0.20874023,1.0895996,-0.36279297
1469751262686,-0.21069336,0.91918945,-0.6804199
1469751262732,-0.29956055,0.9050293,-0.61938477
1469751262778,-0.24926758,0.9265137,-0.62719727
1469751262796,-0.033447266,0.83862305,-0.25927734
1469751262830,9.765625E-4,1.0649414,0.26489258
1469751262867,0.028320313,0.9914551,-0.06689453
1469751262893,0.012207031,0.8642578,-0.21655273
1469751262934,-0.08496094,1.0463867,-0.36743164
1469751262965,-0.21191406,0.73413086,-0.2800293
1469751263005,-0.16357422,0.9367676,-0.5283203
1469751263029,-0.16577148,0.99609375,-0.6286621
1469751263064,-0.20898438,0.9421387,-0.20751953
1469751263096,-0.20458984,0.89282227,-0.09082031
1469751263140,-0.20654297,1.2045898,-0.13232422
1469751263171,-0.22216797,1.1057129,-0.080078125
1469751263207,-0.11816406,1.0895996,0.05834961
1469751263219,0.0087890625,0.91259766,0.39331055
1469751263264,-0.19677734,0.6911621,0.64404297
1469751263281,-0.1640625,0.8466797,0.63378906
1469751263313,-0.15185547,0.8679199,0.54003906
1469751263360,-0.17626953,0.82836914,0.4580078
1469751263377,-0.20141602,0.8310547,0.46606445
1469751263413,-0.1574707,1.2653809,0.18408203
1469751263446,-0.25976563,0.5300293,0.60961914
1469751263479,-0.2705078,0.83154297,0.6765137
1469751263517,-0.45092773,1.1140137,0.49365234
1469751263550,-0.037597656,0.90185547,0.47753906
1469751263597,0.13647461,0.23217773,0.73950195
1469751263611,-0.15576172,-0.09814453,1.1159668
1469751263644,-0.16918945,0.88916016,0.7668457
1469751263689,-0.03540039,0.9604492,0.6303711
1469751263716,-0.10424805,0.8005371,0.6699219
1469751263756,-0.17358398,0.7524414,0.78686523
1469751263795,-0.13476563,0.779541,0.5202637
1469751263844,-0.30615234,0.86157227,0.7138672
1469751263862,-0.16479492,0.80859375,0.6491699
1469751263891,-0.11401367,0.5769043,0.71850586
1469751263944,-0.15844727,0.7717285,0.796875
1469751263958,-0.09472656,0.6599121,0.9213867
1469751263991,0.059814453,-0.23046875,1.1196289
1469751264029,-0.17114258,0.7597656,0.6340332
1469751264058,-0.14379883,0.7871094,0.7077637
1469751264089,-0.34179688,1.081543,0.6843262
1469751264138,-0.114990234,0.7067871,0.6401367
1469751264172,-0.088134766,0.49804688,0.7072754
1469751264206,-0.04638672,0.048828125,1.0092773
1469751264240,-0.033691406,0.4248047,0.9970703
1469751264280,0.1003418,0.67529297,0.6645508
1469751264322,-0.05053711,0.57006836,0.7770996
1469751264355,-0.29541016,0.7976074,0.8078613
1469751264373,-0.48950195,1.0463867,0.54125977
1469751264424,-0.10668945,0.61816406,0.4411621
1469751264442,-0.1796875,0.63305664,0.60180664
1469751264478,-0.12426758,0.9238281,0.8342285
1469751264520,-0.048583984,0.5280762,0.7956543
1469751264540,0.0017089844,0.4765625,0.88842773
1469751264571,-0.038330078,0.4050293,0.76171875
1469751264608,-0.20117188,0.689209,0.9243164
1469751264645,-0.18286133,0.6477051,0.7546387
1469751264677,-0.48291016,0.97875977,0.7128906
1469751264704,-0.14770508,0.6960449,0.7714844
1469751264748,-0.047851563,0.55493164,0.8737793
1469751264771,-0.034179688,0.49731445,0.7495117
1469751264806,-0.016601563,0.5969238,0.72753906
1469751264841,-0.05517578,0.6916504,0.7529297
1469751264858,-0.044677734,0.60791016,0.82592773
1469751264907,-0.10205078,0.5888672,0.77197266
1469751264936,-0.04663086,0.55615234,0.67749023
1469751264956,-0.12719727,0.6616211,0.81884766
1469751265005,-0.27905273,0.76000977,0.7890625
1469751265023,-0.21557617,0.8847656,0.6633301
1469751265057,-0.1862793,0.7182617,0.84716797
1469751265102,0.03540039,0.36010742,0.8269043
1469751265119,-0.0063476563,0.4033203,0.828125
1469751265154,-0.29345703,0.9030762,0.67456055
1469751265188,-0.06201172,0.62939453,0.64331055
1469751265221,-0.0075683594,0.46777344,0.8305664
1469751265259,0.026611328,0.4116211,0.81396484
1469751265291,-0.17236328,0.8088379,0.80444336
1469751265325,-0.1665039,0.7644043,0.8222656
1469751265620,-0.10864258,0.9663086,0.6394043
1469751265744,0.033691406,0.48608398,0.7644043
1469751265780,-0.111328125,0.46923828,1.0239258
1469751265807,-0.16674805,0.5996094,0.83618164
1469751265850,-0.18530273,0.6677246,0.7373047
1469751265880,-0.041015625,0.33911133,0.8708496
1469751265898,-0.11254883,0.86743164,0.8215332
1469751265933,-0.040039063,1.0383301,0.56518555
1469751265977,-0.06958008,0.42089844,0.7265625
1469751266000,-0.119384766,0.49975586,0.78808594
1469751266025,-0.080322266,0.6826172,0.66308594
1469751266079,-0.14892578,0.62109375,0.6411133
1469751266098,-0.15722656,0.70214844,0.77246094
1469751266115,-0.17382813,0.9975586,0.685791
1469751266150,-0.15136719,1.1218262,0.12207031
1469751266183,-0.13500977,0.66918945,0.32836914
1469751266218,-0.048583984,0.69628906,0.28930664
1469751266265,-0.07299805,0.9445801,0.11743164
1469751266280,-0.16796875,1.2312012,-0.0063476563
1469751266319,-0.16088867,0.90405273,-0.0637207
1469751266348,0.042236328,1.1530762,0.4987793
1469751266384,0.015136719,0.7636719,0.02319336
1469751266418,0.063964844,0.7277832,-0.072753906
1469751266464,-0.16455078,1.4655762,0.23022461
1469751266479,-0.18554688,1.0869141,-0.055419922
1469751266513,-0.1340332,1.0522461,0.012207031
1469751266548,-0.17016602,1.2592773,0.088134766
1469751266566,-0.16723633,1.0205078,-0.024169922
1469751266611,-0.21728516,0.9057617,-0.07543945
1469751266644,-0.17358398,0.98876953,0.0073242188
1469751266678,-0.1694336,1.0163574,-0.0690918
1469751266713,-0.08227539,0.96850586,-0.14111328
1469751266749,-0.05419922,0.9831543,-0.005126953
1469751266782,-0.008056641,0.9938965,-0.14550781
1469751266817,-0.1303711,0.8833008,-0.27294922
1469751266858,-0.1628418,0.90405273,-0.2553711
1469751266894,-0.009033203,0.86376953,-0.31079102
1469751266929,-0.22802734,1.2185059,0.0690918
1469751266963,-0.16333008,1.0344238,-0.23217773
1469751266992,-0.23242188,0.92211914,-0.32055664
1469751267030,-0.053222656,1.0168457,-0.17041016
1469751267061,-0.12158203,0.8935547,-0.1015625
1469751267094,-0.16210938,0.98876953,-0.1303711
1469751267128,-0.2055664,1.0310059,-0.40600586
1469751267164,-0.22509766,0.9489746,-0.4777832
1469751267203,-0.048095703,0.8305664,-0.49169922
1469751267233,0.07910156,0.86157227,0.03173828
1469751267248,0.07348633,0.9968262,0.15136719
1469751267275,-0.14331055,1.1442871,0.076416016
1469751267310,-0.05883789,0.8352051,-0.083496094
1469751267346,0.060302734,0.68115234,-0.12036133
1469751267386,-0.07324219,1.0996094,-0.22045898
1469751267412,-0.54296875,0.87939453,-0.45288086
1469751267447,-0.03955078,0.85913086,-0.6711426
1469751267475,-0.2602539,0.8574219,-0.69018555
1469751267510,-0.114746094,1.1245117,-0.4025879
1469751267549,0.0056152344,1.045166,0.038330078
1469751267588,0.16967773,1.020752,0.08935547
1469751267611,-0.13989258,1.003418,-0.23950195
1469751267628,-0.12231445,1.0290527,-0.37841797
1469751267668,-0.011230469,0.92041016,-0.31103516
1469751267713,0.06518555,0.92993164,-0.11669922
1469751267725,-0.2277832,1.152832,-0.29956055
1469751267834,-0.21728516,0.9951172,-0.28515625
1469751267863,-0.3227539,0.9458008,-0.2800293
1469751267890,-0.13330078,0.8100586,-0.1821289
1469751267923,-0.088378906,0.92456055,-0.16967773
1469751267961,0.12963867,0.9020996,0.12158203
1469751268009,-0.13305664,1.0888672,-0.19580078
1469751268030,-0.088134766,0.8955078,-0.2536621
1469751268052,0.080566406,0.81811523,-0.36865234
1469751268090,-0.08276367,1.0539551,-0.4091797
1469751268126,-0.44873047,1.1325684,-0.26660156
1469751268142,-0.39086914,0.72802734,-0.54467773
1469751268196,-0.06347656,0.8659668,-0.4633789
1469751268209,-0.076416016,0.95092773,-0.26000977
1469751268243,-0.10864258,0.9423828,-0.21044922
1469751268291,-0.16503906,0.97924805,-0.4658203
1469751268307,-0.19433594,0.9050293,-0.7092285
1469751268342,-0.21875,0.8171387,-0.6489258
1469751268374,-0.09057617,0.8811035,-0.36987305
1469751268408,-0.17016602,0.9230957,-0.32714844
1469751268450,-0.096191406,0.90234375,-0.38183594
1469751268487,-0.19067383,0.91430664,-0.43359375
1469751268519,-0.20605469,0.8869629,-0.56762695
1469751268561,-0.18066406,0.81762695,-0.62768555
1469751268596,-0.05517578,0.76904297,-0.41723633
1469751268626,-0.2019043,1.0344238,-0.8376465
1469751268944,-0.10961914,0.87109375,-0.7067871
1469751268988,0.033691406,0.8256836,-0.29614258
1469751269006,-0.024169922,0.74975586,-0.4555664
1469751269041,-0.35986328,0.9453125,-0.7883301
1469751269074,-0.107177734,0.8117676,-0.7548828
1469751269085,-0.25390625,0.94555664,-0.75439453
1469751269123,-0.22509766,0.90112305,-0.2890625
1469751269154,-0.10839844,0.9785156,0.17260742
1469751269226,-0.18383789,0.7973633,-0.5661621
1469751269256,-0.19091797,0.97314453,-0.71606445
1469751269285,-0.24121094,0.7998047,-0.63061523
1469751269325,0.03491211,0.673584,-0.35717773
1469751269353,0.0024414063,0.84765625,-0.39379883
1469751269375,-0.027832031,0.91430664,-0.5632324
1469751269404,-0.042236328,0.93530273,-0.66845703
1469751269439,-0.15478516,0.8425293,-0.5292969
1469751269466,-0.080078125,0.83325195,-0.44970703
1469751269506,-0.18969727,0.97998047,-0.5095215
1469751269537,-0.08544922,0.77563477,-0.3322754
1469751269569,-0.31518555,0.8659668,-0.7001953
1469751269605,-0.4104004,0.86328125,-0.68847656
1469751269638,-0.27856445,0.8100586,-0.8059082
1469751269665,-0.05834961,0.6772461,-0.7585449
1469751269704,0.03173828,0.8935547,-0.40039063
1469751269743,-0.21826172,0.9069824,-0.6237793
1469751269774,-0.08862305,0.8376465,-0.8654785
1469751269785,-0.1184082,0.65234375,-0.76416016
1469751269837,-0.1694336,0.4814453,-0.46557617
1469751269854,-0.115478516,0.84228516,-0.5131836
1469751269884,0.018798828,0.8808594,-0.763916
1469751269950,-0.15917969,0.7800293,-0.6020508
1469751269987,-0.16235352,0.7739258,-0.6767578
1469751270019,-0.05859375,0.79052734,-0.5656738
1469751270053,-0.01171875,0.72436523,-0.529541
1469751270083,0.0014648438,0.7043457,-0.61694336
1469751270117,-0.21069336,1.0268555,-0.6352539
1469751270150,-0.1394043,0.7624512,-0.61694336
1469751270193,-0.17602539,0.7805176,-0.7998047
1469751270228,-0.17919922,0.84277344,-0.5563965
1469751270264,-0.09350586,1.213623,-0.35205078
1469751270286,-0.15600586,0.5136719,-0.32592773
1469751270317,-0.17260742,1.1516113,-0.4025879
1469751270349,-0.3486328,0.89746094,-0.47509766
1469751270367,-0.2019043,0.5673828,-0.40893555
1469751270400,-0.18310547,1.1687012,-0.45117188
1469751270435,-0.16723633,0.8083496,-0.35620117
1469751270479,-0.05859375,1.0673828,-0.29614258
1469751270507,-0.04711914,0.88549805,-0.40551758
1469751270541,-0.0056152344,1.0205078,-0.25512695
1469751270576,-0.029052734,1.0932617,-0.14868164
1469751270610,-0.04638672,0.9658203,-0.24511719
1469751270646,-0.13671875,1.0056152,-0.26757813
1469751270688,-0.22094727,0.98339844,-0.22998047
1469751270713,-0.20605469,0.78466797,-0.27148438
1469751270747,0.0126953125,0.86328125,-0.15649414
1469751270781,-0.3959961,0.72216797,-0.15576172
1469751270818,-0.20239258,0.689209,-0.24243164
1469751270852,-0.30786133,0.9165039,-0.48217773
1469751270904,-0.38916016,0.9145508,-0.67407227
1469751270921,-0.33325195,0.8708496,-0.5632324
1469751270956,-0.29833984,0.77368164,-0.5266113
1469751270989,-0.3449707,0.63671875,-0.49926758
1469751271024,-0.3005371,0.74194336,-0.50512695
1469751271059,-0.2927246,0.8071289,-0.33203125
1469751271094,-0.1538086,0.8027344,-0.4880371
1469751271131,-0.049072266,0.92749023,-0.5402832
1469751271163,-0.014160156,0.9567871,-0.5078125
1469751271196,0.06933594,0.84594727,-0.76538086
1469751271214,-0.01977539,1.0087891,-0.6750488
1469751271233,-0.21118164,0.96850586,-0.41479492
1469751271276,-0.15771484,0.99902344,-0.5839844
1469751271311,-0.2607422,0.69750977,-0.546875
1469751271328,-0.26879883,0.87719727,-0.48950195
1469751271379,-0.23828125,0.69189453,-0.5397949
1469751271401,-0.26367188,0.96899414,-0.8120117
1469751271432,-0.39990234,0.7858887,-0.91552734
1469751271477,-0.018798828,0.59350586,-0.14355469
1469751271504,-0.2253418,0.9008789,0.045410156
1469751271528,-0.4934082,0.9572754,-0.4350586
1469751271562,-0.37036133,1.0251465,-0.29760742
1469751271607,-0.37036133,0.9042969,0.0043945313
1469751271632,-0.3725586,0.45947266,-0.14038086
1469751271657,-0.2939453,0.52368164,0.06982422
1469751271979,-0.23242188,0.96850586,0.15600586
1469751272046,-0.18017578,0.736084,0.17895508
1469751272368,-0.2980957,0.7531738,0.51220703
1469751272456,-0.083740234,0.91918945,0.11376953
1469751272493,-0.15454102,0.890625,0.25732422
1469751272564,-0.33789063,0.8383789,0.5090332
1469751272595,-0.40527344,0.88427734,0.33251953
1469751272629,-0.16601563,1.0097656,0.18603516
1469751272664,-0.1640625,1.0700684,0.1418457
1469751272698,-0.21777344,0.91552734,0.34106445
1469751272733,-0.2019043,1.152832,0.23730469
1469751272768,-0.3010254,1.2426758,0.23144531
1469751272805,-0.12646484,1.0522461,0.47436523
1469751272834,-0.13232422,0.76538086,0.3449707
1469751272854,-0.23364258,0.88012695,0.22607422
1469751272888,-0.35009766,1.1931152,0.25976563
1469751272929,-0.33984375,0.9038086,0.31274414
1469751272981,-0.2541504,1.4108887,0.34423828
1469751273057,-0.26757813,0.7390137,0.5852051
1469751273080,-0.10839844,0.65405273,0.52441406
1469751273121,-0.21264648,0.7692871,0.3059082
1469751273147,-0.23779297,1.1484375,0.20996094
1469751273182,-0.26049805,0.88549805,0.25756836
1469751273220,-0.18798828,1.0864258,0.11279297
1469751273244,-0.15576172,1.0061035,0.10961914
1469751273270,-0.12646484,0.8334961,0.052978516
1469751273304,-0.1965332,0.9050293,-0.02319336
1469751273351,-0.18969727,1.1223145,-0.099365234
1469751273381,-0.107177734,0.9255371,0.061523438
1469751273410,-0.18041992,1.0471191,0.05419922
1469751273449,-0.20532227,0.90478516,-0.1550293
1469751273469,-0.24853516,0.8959961,-0.28198242
1469751273503,-0.265625,0.71484375,-0.22241211
1469751273545,-0.14794922,0.8823242,-0.5686035
1469751273556,-0.31225586,0.9375,-0.73657227
1469751273605,-0.26342773,0.93310547,-0.6303711
1469751273624,-0.27319336,0.9069824,-0.6269531
1469751273659,-0.23535156,0.80688477,-0.717041
1469751273708,-0.1875,0.86083984,-0.579834
1469751273719,-0.23022461,0.90283203,-0.63671875
1469751273757,-0.29003906,0.9370117,-0.5810547
1469751273787,-0.20166016,0.7043457,-0.5449219
1469751273828,-0.15917969,0.7150879,-0.4309082
1469751273852,-0.18554688,0.8430176,-0.49047852
1469751273885,-0.23779297,0.7207031,-0.3786621
1469751273918,-0.21069336,0.77612305,-0.47387695
1469751273955,-0.28027344,0.9145508,-0.43530273
1469751273986,-0.20166016,0.6989746,-0.69921875
1469751274025,-0.14868164,0.857666,-0.2019043
1469751274051,-0.21020508,0.94018555,-0.3491211
1469751274084,-0.20288086,0.88134766,-0.48046875
1469751274130,-0.2770996,0.85546875,-0.36010742
1469751274154,-0.17675781,0.9086914,-0.40234375
1469751274195,-0.1508789,0.9238281,-0.36157227
1469751274203,-0.0061035156,1.1254883,-0.3564453
1469751274236,-0.19677734,0.9567871,-0.2927246
1469751274299,-0.10058594,1.0759277,-0.35327148
1469751274336,-0.087890625,1.0275879,-0.07324219
1469751274368,-0.140625,1.0463867,-0.22802734
1469751274402,-0.08227539,0.92285156,-0.3317871
1469751274445,-0.13867188,0.63842773,-0.36865234
1469751274465,-0.21655273,0.8408203,-0.17651367
1469751274501,-0.41918945,1.2492676,0.24438477
1469751274535,-0.2932129,1.0461426,-0.21142578
1469751274577,-0.19677734,1.2163086,0.09423828
1469751274610,-0.28100586,1.206543,0.17529297
1469751274638,-0.34179688,1.6228027,0.35351563
1469751274671,-0.3371582,0.91918945,0.024414063
1469751274706,-0.24707031,1.1340332,-0.20336914
1469751274717,-0.2915039,0.51171875,0.8696289
1469751274749,-0.2614746,0.80322266,0.36547852
1469751274784,-0.34887695,0.8339844,0.3798828
1469751274818,-0.40966797,0.57958984,0.60668945
1469751274854,-0.36157227,0.72558594,0.4428711
1469751274882,-0.2734375,0.6530762,0.28857422
1469751274915,-0.24853516,0.8925781,0.20605469
1469751274950,-0.24511719,0.9934082,0.028076172
1469751274984,-0.25341797,0.984375,0.011230469
1469751275016,-0.23608398,1.1477051,-0.061767578
1469751275341,-0.22924805,0.75683594,-0.22949219
1469751275398,-0.3918457,1.0317383,-0.79174805
1469751275751,-0.21069336,0.5786133,-0.6633301
1469751275878,-0.08911133,0.87109375,-0.50439453
1469751275929,0.0024414063,1.114502,-0.56762695
1469751276006,-0.12768555,0.83496094,-0.33398438
1469751276044,-0.022460938,0.93188477,-0.09765625
1469751276077,-0.008544922,1.2978516,-0.13061523
1469751276109,-0.19140625,0.9165039,-0.28735352
1469751276149,0.079589844,0.44970703,-0.717041
1469751276172,-0.24047852,0.9616699,-0.734375
1469751276212,-0.5119629,0.9580078,-0.7548828
1469751276240,-0.17651367,0.8457031,-0.6689453
1469751276276,-0.32739258,1.1201172,-0.51171875
1469751276309,-0.30419922,0.9199219,-0.5029297
1469751276344,-0.10449219,0.66625977,-0.18017578
1469751276378,0.24780273,0.82592773,0.24365234
1469751276412,-0.125,1.0769043,-0.060546875
1469751276447,0.06567383,0.7470703,-0.27514648
1469751276458,0.1796875,0.49169922,-0.43579102
1469751276498,-0.43603516,1.0407715,-0.20092773
1469751276527,-0.66381836,1.4455566,-0.7878418
1469751276559,-0.15332031,0.97802734,-0.9238281
1469751276593,-0.28930664,0.9133301,-0.2602539
1469751276628,-0.2541504,0.85791016,-0.3557129
1469751276658,0.040039063,0.65600586,-0.23632813
1469751276691,-0.16503906,0.98876953,0.038330078
1469751276725,-0.11669922,0.9489746,-0.0793457
1469751276744,0.041015625,0.67871094,-0.1977539
1469751276793,-0.51220703,1.0964355,-0.3774414
1469751276809,-0.7585449,1.3410645,-0.92333984
1469751276842,-0.23339844,0.8979492,-0.7836914
1469751276907,-0.23828125,0.7902832,-0.33422852
1469751276940,-0.15551758,0.7446289,-0.25708008
1469751276975,-0.028076172,0.736084,-0.18603516
1469751277018,-0.014160156,0.6791992,-0.2055664
1469751277039,-0.06323242,0.80566406,-0.18652344
1469751277071,-0.22167969,0.9147949,-0.3347168
1469751277106,-0.17871094,0.9628906,-0.6657715
1469751277140,-0.15161133,1.0810547,-0.7426758
1469751277174,-0.119140625,1.0141602,-0.68481445
1469751277209,-0.12207031,1.0766602,-0.6520996
1469751277228,-0.25976563,0.94750977,-0.56030273
1469751277279,-0.2980957,0.8215332,-0.5749512
1469751277323,-0.24414063,0.80688477,-0.6315918
1469751277374,-0.28100586,0.9880371,-0.44091797
1469751277390,-0.30908203,1.0793457,-0.532959
1469751277428,-0.20825195,0.83374023,-0.25756836
1469751277470,-0.22680664,0.7062988,0.1237793
1469751277488,-0.23950195,1.1132813,0.14257813
1469751277521,-0.33813477,0.70288086,0.09082031
1469751277557,-0.31176758,0.9382324,0.39697266
1469751277589,-0.5378418,0.85131836,0.39013672
1469751277634,-0.24926758,0.7011719,0.4050293
1469751277653,-0.37646484,1.0668945,0.7429199
1469751277687,-0.35546875,0.4897461,0.60546875
1469751277723,-0.2397461,0.7492676,0.39111328
1469751277754,-0.265625,0.7297363,0.26586914
1469751277789,-0.18530273,0.92529297,0.1315918
1469751277808,-0.103515625,0.8457031,-0.07421875
1469751277852,-0.08666992,0.88964844,-0.1484375
1469751277885,-0.008056641,0.8408203,-0.57055664
1469751277906,-0.044433594,1.0480957,-0.6376953
1469751277954,-0.04248047,1.1660156,-0.46484375
1469751277970,-0.091796875,1.0288086,-0.26245117
1469751278007,-0.34472656,0.89990234,-0.3330078
1469751278069,-0.2487793,0.98535156,-0.43823242
1469751278102,0.06567383,0.6923828,-0.041503906
1469751278137,-0.29663086,0.95410156,-0.16015625
1469751278172,-0.49365234,0.99902344,-0.63305664
1469751278209,-0.44921875,0.73095703,-0.5539551
1469751278233,-0.31811523,0.9013672,-0.2680664
1469751278287,-0.2993164,1.0,-0.20996094
1469751278318,-0.43066406,0.94628906,-0.032470703
1469751278351,-0.6743164,0.7541504,-0.21875
1469751278393,-0.5083008,0.71191406,-0.6894531
1469751278431,-0.12939453,0.7961426,-0.85717773
1469751278466,-0.08129883,0.6789551,-0.7841797
1469751278759,0.0703125,0.83984375,-0.53564453
1469751278838,-0.40454102,0.7121582,-0.4790039
1469751278848,-0.24438477,0.58862305,-0.55444336
1469751279171,-0.23852539,0.6081543,-0.5061035
1469751279230,-0.23999023,0.7878418,-0.2055664
1469751279263,-0.25927734,0.9367676,0.107421875
1469751279296,-0.5397949,0.91137695,-0.45751953
1469751279331,-0.2541504,0.9748535,-0.24365234
1469751279367,-0.27929688,0.82836914,0.010986328
1469751279399,-0.43530273,0.842041,-0.12231445
1469751279440,-0.63964844,1.1130371,-0.3647461
1469751279468,-0.5456543,1.1052246,-0.2355957
1469751279509,-0.47485352,0.8820801,-0.084228516
1469751279550,-0.36791992,0.80810547,-0.4868164
1469751279591,-0.12524414,0.98339844,-0.7949219
1469751279616,0.011230469,0.8942871,-0.76220703
1469751279651,0.17553711,0.89746094,-0.28588867
1469751279683,-0.021484375,0.63671875,-0.20410156
1469751279717,-0.27978516,0.83203125,-0.32714844
1469751279767,-0.40063477,0.9814453,-0.46118164
1469751279785,-0.51342773,0.89038086,-0.45703125
1469751279820,-0.3684082,1.0307617,-0.30566406
1469751279856,-0.34277344,1.0090332,-0.10205078
1469751279889,-0.35131836,0.65063477,-0.40063477
1469751279923,-0.56518555,1.003418,-0.5617676
1469751279963,-0.54418945,1.0678711,-0.5539551
1469751279997,-0.28515625,0.9448242,-0.52612305
1469751280065,-0.17456055,0.7414551,-0.45922852
1469751280098,0.123046875,0.9182129,-0.29418945
1469751280131,0.13623047,0.77001953,-0.4506836
1469751280164,-0.14257813,0.8444824,-0.5205078
1469751280198,-0.28637695,1.3010254,-0.60595703
1469751280233,-0.40722656,0.82910156,-0.28295898
1469751280267,-0.37060547,0.55371094,0.053466797
1469751280303,-0.2631836,0.9133301,-0.036132813
1469751280343,-0.5554199,1.0893555,-0.19873047
1469751280372,-0.7248535,1.2075195,-0.3527832
1469751280413,-0.35595703,0.8449707,-0.4099121
1469751280475,-0.2565918,0.7763672,-0.5187988
1469751280516,-0.032714844,0.77319336,-0.4543457
1469751280581,0.22216797,0.92041016,-0.17700195
1469751280620,0.009521484,1.1418457,0.103027344
1469751280657,-0.21557617,1.0378418,-0.36547852
1469751280683,-0.13183594,0.8823242,-0.25561523
1469751280725,-0.42626953,1.0793457,-0.0041503906
1469751280743,-0.4975586,0.79589844,-0.56347656
1469751280776,-0.33007813,1.157959,-0.28979492
1469751280821,-0.48754883,0.9338379,-0.15673828
1469751280855,-0.4375,0.8779297,-0.29638672
1469751280890,-0.2529297,0.8095703,-0.4333496
1469751280941,-0.1381836,0.73413086,-0.6940918
1469751280977,0.016601563,0.5859375,-0.7668457
1469751280994,0.0703125,0.8730469,-0.28735352
1469751281039,-0.08959961,1.0566406,-0.095214844
1469751281073,-0.22314453,0.94970703,-0.37231445
1469751281101,-0.12133789,1.0637207,-0.3701172
1469751281146,-0.41625977,0.8498535,-0.29760742
1469751281158,-0.61376953,0.9592285,-0.8051758
1469751281193,-0.30029297,1.0063477,-0.35766602
1469751281237,-0.34594727,0.71533203,-0.103027344
1469751281273,-0.28149414,0.77734375,-0.16918945
1469751281308,-0.50097656,1.0654297,-0.45874023
1469751281337,-0.57006836,1.0629883,-0.57714844
1469751281359,-0.4802246,0.92456055,-0.48901367
1469751281392,-0.43066406,0.7385254,-0.47607422
1469751281420,-0.31420898,0.7312012,-0.4584961
1469751281457,0.055908203,0.75268555,-0.30029297
1469751281496,0.1418457,0.7751465,-0.22827148
1469751281523,0.115722656,1.0908203,-0.17895508
1469751281562,0.022705078,0.8010254,-0.4831543
1469751281574,-0.13769531,0.9482422,-0.7722168
1469751281620,-0.5354004,0.79663086,-0.92578125
1469751281654,-0.5612793,0.7504883,-0.83154297
1469751281672,-0.075683594,0.9277344,-0.26416016
1469751281722,-0.3491211,0.65722656,-0.09765625
1469751281747,-0.40356445,0.892334,-0.42944336
1469751281773,-0.4807129,0.9589844,-0.35864258
1469751281808,-0.4387207,0.9682617,-0.2770996
1469751281836,-0.3918457,1.0256348,-0.44677734
1469751281872,-0.4885254,1.0046387,-0.48291016
1469751282181,-0.3359375,1.0834961,-0.5715332
1469751282259,-0.54663086,0.9641113,-0.41137695
1469751282556,-0.17163086,1.2158203,-0.42651367
1469751282615,0.028320313,0.75341797,-0.33325195
1469751282666,-0.10083008,0.2084961,-0.26757813
1469751282694,-0.028808594,0.79125977,-0.4230957
1469751282737,0.016601563,0.8864746,-0.44384766
1469751282797,-0.1887207,1.1315918,-0.6538086
1469751282839,-0.39111328,0.7116699,-0.54785156
1469751282904,-0.024902344,0.8256836,-0.5109863
1469751282934,-0.064697266,0.8347168,-0.5776367
1469751282969,-0.2758789,0.7578125,-0.68481445
1469751283012,-0.22802734,0.74072266,-0.8808594
1469751283038,-0.14404297,0.7800293,-0.8540039
1469751283080,-0.011474609,0.83325195,-0.3408203
1469751283107,-0.23608398,1.0427246,-0.36083984
1469751283141,-0.29296875,0.6064453,-0.767334
1469751283179,0.07763672,0.6923828,-0.5593262
1469751283209,0.19970703,0.91186523,-0.37548828
1469751283248,-0.36157227,0.8894043,-0.28710938
1469751283280,-0.11206055,0.7211914,-0.6413574
1469751283316,0.028076172,0.84350586,-0.59106445
1469751283385,-0.091552734,0.81689453,-0.42138672
1469751283417,0.010986328,0.7380371,-0.3671875
1469751283494,-0.31079102,0.7558594,-0.7739258
1469751283520,-0.24975586,0.85913086,-1.027832
1469751283556,-0.12182617,0.74902344,-0.8198242
1469751283589,-0.00390625,0.8647461,-0.18408203
1469751283631,-0.55249023,0.80615234,-0.5488281
1469751283659,-0.18554688,0.55444336,-0.6254883
1469751283690,0.104003906,0.6813965,-0.33496094
1469751283714,-0.2824707,0.8796387,-0.38452148
1469751283748,-0.14208984,0.84350586,-0.5505371
1469751283803,-0.0073242188,0.7680664,-0.52490234
1469751283847,0.04711914,0.83691406,-0.48632813
1469751283879,-0.096191406,0.9416504,-0.48876953
1469751283907,0.028320313,0.8156738,-0.38085938
1469751283948,-0.08300781,0.9016113,-0.57958984
1469751283965,-0.20263672,0.9719238,-0.7583008
1469751284001,-0.30297852,0.7055664,-0.87280273
1469751284028,-0.26171875,0.7788086,-0.95825195
1469751284062,-0.068603516,0.8215332,-0.4609375
1469751284113,-0.0925293,1.0153809,-0.23583984
1469751284129,-0.09692383,0.9050293,-0.4033203
1469751284164,-0.12695313,0.82128906,-0.5644531
1469751284202,-0.27197266,0.7626953,-0.5930176
1469751284229,-0.10961914,0.6591797,-0.60180664
1469751284268,0.060546875,0.67871094,-0.5332031
1469751284301,0.06640625,0.81689453,-0.57470703
1469751284329,-0.051757813,0.9560547,-0.37524414
1469751284363,-0.03100586,0.8198242,-0.2944336
1469751284384,-0.09326172,0.8129883,-0.62597656
1469751284428,-0.4416504,0.86035156,-1.005127
1469751284462,-0.0637207,0.77368164,-1.0471191
1469751284499,-0.05517578,0.7385254,-0.72094727
1469751284515,-0.11401367,1.032959,-0.5551758
1469751284563,-0.12231445,0.87524414,-0.63793945
1469751284588,-0.057373047,0.64990234,-0.45043945
1469751284608,-0.12060547,0.9152832,-0.5727539
1469751284641,-0.04638672,0.7854004,-0.48754883
1469751284680,-0.12036133,0.7702637,-0.65478516
1469751284711,-0.02709961,0.74853516,-0.72314453
1469751284745,-0.0029296875,0.78393555,-0.7001953
1469751284779,-0.053222656,0.6220703,-0.71728516
1469751284814,0.27954102,0.7380371,-0.40771484
1469751284841,-0.03125,1.1555176,-0.4831543
1469751284883,-0.087890625,0.8762207,-0.46362305
1469751284910,0.15942383,0.6328125,-0.52246094
1469751284948,-0.049560547,0.8779297,-0.7084961
1469751284980,-0.578125,1.083252,-0.69262695
1469751285014,-0.06518555,0.67944336,-0.9765625
1469751285024,-0.15771484,0.8654785,-0.82836914
1469751285058,0.12158203,0.78808594,-0.26904297
1469751285098,-0.20800781,0.8376465,-0.6274414
1469751285126,-0.11621094,0.810791,-0.6870117
1469751285161,-0.21044922,0.7019043,-0.88256836
1469751285194,0.11645508,0.5859375,-0.6311035
1469751285228,0.234375,0.91967773,-0.3881836
1469751285261,-0.23632813,1.1999512,-0.29418945
1469751285291,-0.017333984,1.0129395,-0.43603516
1469751285330,-0.033691406,0.89941406,-0.56030273
1469751285346,0.011230469,0.892334,-0.44458008
1469751285393,0.0078125,0.6911621,-0.19482422
1469751285439,0.10644531,0.88305664,0.009521484
1469751285845,0.30273438,0.81225586,0.43481445
1469751285939,-0.77490234,1.1889648,-1.3173828
1469751285998,-0.3503418,0.93774414,-0.5280762
1469751286035,-0.20825195,0.6923828,-0.67822266
1469751286070,0.14697266,0.52563477,0.8244629
1469751286098,-0.013427734,1.0895996,0.36645508
1469751286136,0.060302734,1.1474609,-0.3125
1469751286173,0.10644531,0.87841797,-0.2944336
1469751286200,-0.43237305,1.001709,-0.6254883
1469751286235,-0.8869629,1.5341797,-1.1853027
1469751286253,-0.3876953,1.2275391,-0.7895508
1469751286287,-0.36376953,0.79125977,-0.35009766
1469751286323,-0.05126953,0.62841797,-0.17480469
1469751286373,0.37329102,0.5031738,0.7949219
1469751286407,0.42285156,1.041748,0.63916016
1469751286418,0.011962891,1.1242676,0.15942383
1469751286452,-0.028564453,0.95874023,0.0847168
1469751286488,-0.22045898,0.85717773,-0.3869629
1469751286512,-0.48168945,1.3671875,-0.5720215
1469751286555,-0.73291016,1.206543,-0.95092773
1469751286584,-0.6154785,1.0598145,-0.45092773
1469751286615,-0.6525879,1.1804199,-0.06982422
1469751286660,-0.35839844,0.69091797,-0.44189453
1469751286668,0.16699219,0.76220703,0.022216797
1469751286713,0.72436523,0.45166016,1.1630859
1469751286736,-0.2619629,1.3312988,0.2758789
1469751286790,0.099609375,0.95703125,-0.024414063
1469751286799,-0.21972656,0.98876953,-0.48413086
1469751286833,-1.0769043,1.5478516,-0.7194824
1469751286868,-0.2902832,0.94750977,-0.06274414
1469751286904,-0.19360352,0.81225586,0.63061523
1469751286935,-0.13598633,1.0178223,0.40673828
1469751286972,-0.08935547,0.8405762,0.29760742
1469751286998,-0.1965332,0.8625488,0.35839844
1469751287033,-0.19677734,0.5891113,0.38256836
1469751287067,-0.38671875,0.9121094,0.5612793
1469751287104,-0.39575195,0.7861328,0.7355957
1469751287135,-0.56689453,0.42260742,0.87939453
1469751287171,-0.47729492,0.3786621,0.9016113
1469751287205,-0.38745117,0.11694336,0.9055176
1469751287264,-0.43945313,-0.020507813,0.8659668
1469751287284,-0.5004883,0.42089844,0.970459
1469751287318,-0.39453125,0.9848633,0.5900879
1469751287351,0.022705078,0.7121582,0.57006836
1469751287387,-0.6381836,-0.1430664,1.0605469
1469751287414,-0.43286133,0.0048828125,0.87280273
1469751287448,-0.56933594,0.28295898,0.9902344
1469751287491,-0.51049805,0.2919922,0.9848633
1469751287518,-0.13867188,0.017578125,0.71777344
1469751287550,-0.13378906,-0.09399414,0.77246094
1469751287568,-0.1315918,0.0056152344,1.0703125
1469751287613,-0.22265625,0.20874023,0.8149414
1469751287650,-0.22314453,0.12036133,0.73779297
1469751287666,-0.5769043,0.46313477,0.9152832
1469751287719,-0.7199707,0.57421875,0.9394531
1469751287733,-0.54956055,0.6191406,0.86743164
1469751287767,-0.47973633,0.37280273,1.0471191
1469751287817,-0.28564453,0.3112793,0.8483887
1469751287829,-0.9748535,-0.2211914,0.80371094
1469751287867,-0.1940918,0.8376465,1.1271973
1469751287899,-0.46411133,0.59155273,0.89868164
1469751287932,-0.05029297,0.13427734,0.7746582
1469751287967,0.19458008,-0.35986328,0.72802734
1469751287994,-0.21655273,-0.037353516,0.80810547
1469751288029,-0.08691406,0.060546875,0.7993164
1469751288065,-0.22290039,0.07739258,0.81274414
1469751288109,-0.36694336,0.061523438,1.0021973
1469751288134,-0.58154297,0.45141602,0.90356445
1469751288148,-0.78271484,0.63378906,1.0117188
1469751288214,-0.43408203,0.080322266,1.1743164
1469751288251,-0.46899414,-0.16088867,0.7687988
1469751288299,-0.30688477,1.0712891,0.50634766
1469751288312,-0.2836914,1.3500977,0.7741699
1469751288348,-0.10644531,0.09423828,1.0036621
1469751288383,-0.10229492,0.42138672,0.35791016
1469751288416,-0.32177734,0.94506836,0.45874023
1469751288453,-0.3774414,0.40722656,0.84716797
1469751288485,-0.5258789,-0.013671875,0.1171875
1469751288521,-0.2421875,1.829834,0.05859375
1469751288547,-0.39501953,1.2016602,0.31176758
1469751288847,-0.4465332,-0.44921875,-0.4567871
1469751288936,-0.12939453,0.9667969,-0.85009766
1469751289235,-0.095947266,1.2333984,-0.55078125
1469751289292,-0.4675293,1.0512695,-0.48510742
1469751289317,-0.30639648,0.8725586,-0.26660156
1469751289352,-0.33520508,1.4367676,-0.66308594
1469751289396,-0.33666992,1.0717773,-0.16430664
1469751289424,-0.26049805,0.8256836,-0.3918457
1469751289459,-0.23754883,0.9760742,-0.64575195
1469751289490,-0.23266602,0.9338379,-0.8371582
1469751289524,-0.24829102,0.58374023,-0.4338379
1469751289558,-0.16137695,1.0515137,-0.25561523
1469751289591,-0.18432617,0.8544922,-0.296875
1469751289609,-0.16796875,0.74194336,-0.19726563
1469751289647,-0.08154297,0.8925781,-0.19360352
1469751289710,-0.17236328,1.0234375,-0.5432129
1469751289746,-0.026123047,0.7121582,-0.36450195
1469751289767,-0.06201172,0.6411133,-0.27929688
1469751289805,-0.09887695,1.3937988,-0.5187988
1469751289839,0.05029297,0.67163086,-0.27197266
1469751289855,-0.16748047,1.0322266,-0.18896484
1469751289890,-0.0075683594,1.135498,-0.34472656
1469751289935,-0.03881836,0.9123535,-0.080566406
1469751289958,-0.055419922,1.0766602,0.07006836
1469751289988,-0.501709,0.8930664,0.012451172
1469751290023,-0.15527344,0.99365234,-0.26757813
1469751290056,0.05834961,0.95532227,-0.4453125
1469751290091,-0.40673828,0.8574219,-0.52075195
1469751290125,-0.45776367,1.0302734,-0.5546875
1469751290158,-0.4152832,1.0751953,-0.26708984
1469751290176,-0.31958008,0.8635254,-0.0546875
1469751290221,-0.3088379,0.9592285,-0.06542969
1469751290257,-0.40576172,0.71313477,0.13549805
1469751290271,-0.50634766,1.0053711,0.11450195
1469751290336,-0.49365234,0.8249512,-0.03491211
1469751290345,-0.40600586,0.9013672,0.029785156
1469751290375,-0.28198242,0.545166,0.40576172
1469751290440,-0.088134766,0.91137695,0.4284668
1469751290471,-0.21044922,1.1901855,0.2824707
1469751290506,-0.28833008,0.44506836,0.78393555
1469751290539,-0.06616211,0.15625,0.62475586
1469751290574,-0.29003906,1.0290527,0.6599121
1469751290645,-0.21166992,0.44555664,0.71313477
1469751290670,-0.19677734,0.85839844,0.923584
1469751290706,-0.22290039,0.81347656,0.623291
1469751290743,-0.16577148,1.0825195,0.67456055
1469751290776,-0.28588867,0.7709961,0.5539551
1469751290808,-0.13745117,0.8249512,0.6867676
1469751290853,-0.359375,0.7717285,-0.08862305
1469751290911,-0.20141602,1.0761719,-0.09106445
1469751290923,-0.14575195,0.8496094,-0.01171875
1469751290990,-0.28027344,0.7766113,-0.055664063
1469751291021,-0.3815918,1.0368652,-0.5107422
1469751291051,-0.4543457,1.3007813,-0.576416
1469751291085,-0.31420898,1.1584473,-0.64086914
1469751291119,-0.23486328,0.86743164,-0.41015625
1469751291156,-0.29223633,0.81103516,-0.18823242
1469751291183,-0.38305664,1.2021484,-0.11791992
1469751291220,-0.3984375,1.0061035,0.114746094
1469751291251,-0.26098633,0.67822266,-0.43554688
1469751291297,-0.17504883,0.96240234,-0.37524414
1469751291341,0.020996094,0.7121582,-0.6945801
1469751291399,-0.03930664,0.93115234,-0.50439453
1469751291436,-0.24584961,0.89453125,-0.2890625
1469751291511,-0.1977539,1.1442871,0.0546875
1469751291546,-0.24804688,1.1740723,0.059814453
1469751291576,-0.4194336,0.7817383,-0.095458984
1469751291610,-0.096191406,0.9291992,-0.4140625
1469751291640,-0.0021972656,1.1044922,-0.055419922
1469751291676,-0.18554688,1.0605469,-0.10546875
1469751291709,-0.07788086,1.0742188,-0.27490234
1469751291744,0.0703125,0.8364258,-0.14868164
1469751291782,-0.09301758,1.1259766,0.045654297
1469751291811,-0.036621094,0.92871094,0.032470703
1469751291847,-0.11743164,0.81884766,0.114990234
1469751291880,-0.09277344,0.70751953,0.16552734
1469751291921,-0.057373047,0.93408203,-0.07470703
1469751291984,-0.09472656,0.7717285,-0.3425293
1469751291995,-0.18823242,0.90283203,-0.5373535
1469751292013,-0.18237305,0.84765625,-0.5957031
1469751292303,-0.20239258,1.0349121,-0.4645996
1469751292349,-0.12207031,0.8544922,-0.37060547
1469751292377,-0.26391602,1.1303711,-0.07519531
1469751292705,-0.29736328,0.07885742,0.8137207
1469751292764,-0.3125,0.4152832,0.92285156
1469751292793,-0.33642578,0.40673828,0.9772949
1469751292827,-0.5275879,0.041748047,0.9719238
1469751292861,-0.4375,0.19726563,1.0195313
1469751292897,-0.2758789,-0.47827148,1.0925293
1469751292929,-0.37353516,0.004638672,0.8774414
1469751292964,-0.33862305,0.16772461,0.86206055
1469751292991,-0.30078125,0.06689453,0.7668457
1469751293028,-0.3984375,0.49829102,0.9108887
1469751293063,-0.3618164,0.36572266,0.83862305
1469751293087,-0.43237305,0.5656738,0.49731445
1469751293161,-0.5505371,-0.30200195,0.9453125
1469751293225,-0.34375,1.8300781,-0.4230957
1469751293249,-0.48779297,1.078125,-0.020019531
1469751293278,-0.31274414,0.6833496,0.27612305
1469751293316,-0.33618164,0.7675781,0.21020508
1469751293350,-0.20092773,1.2893066,0.0390625
1469751293374,-0.14624023,1.017334,0.1003418
1469751293408,-0.33398438,1.0810547,-0.05517578
1469751293443,-0.34155273,0.92211914,-0.18969727
1469751293477,-0.39526367,1.0039063,-0.18847656
1469751293533,-0.3293457,0.94433594,-0.21948242
1469751293546,-0.2939453,0.95654297,-0.23657227
1469751293563,-0.25732422,0.8640137,-0.3503418
1469751293607,-0.24316406,0.8327637,-0.45922852
1469751293650,-0.28588867,0.86572266,-0.37451172
1469751293660,-0.30419922,0.85058594,-0.3293457
1469751293691,-0.23706055,0.95336914,-0.4716797
1469751293727,-0.24169922,0.9692383,-0.33862305
1469751293761,-0.21362305,0.84350586,-0.39331055
1469751293789,-0.28076172,0.9682617,-0.58569336
1469751293823,-0.28637695,0.80078125,-0.64086914
1469751293858,-0.2722168,0.7631836,-0.7583008
1469751293893,-0.27490234,0.8461914,-0.65234375
1469751293926,-0.27075195,0.7270508,-0.50878906
1469751293959,-0.2775879,0.81469727,-0.36206055
1469751293992,-0.34716797,0.8078613,-0.5288086
1469751294023,-0.33862305,0.7380371,-0.33789063
1469751294068,-0.24584961,0.84716797,-0.5786133
1469751294095,-0.29370117,0.97509766,-0.53686523
1469751294108,-0.35424805,0.7116699,-0.5864258
1469751294142,-0.1003418,0.8457031,-0.4543457
1469751294188,-0.2705078,0.7800293,-0.40771484
1469751294204,-0.16552734,0.8647461,-0.31811523
1469751294247,-0.1508789,0.80371094,-0.45214844
1469751294274,-0.3256836,1.0092773,-0.39501953
1469751294307,0.028808594,0.7858887,-0.48876953
1469751294348,-0.2199707,0.85131836,-0.33813477
1469751294369,-0.13110352,1.0490723,-0.31347656
1469751294408,-0.1303711,1.1452637,-0.4284668
1469751294439,-0.011230469,0.5292969,-0.18481445
1469751294477,-0.06640625,0.6867676,-0.25854492
1469751294507,-0.095947266,1.2651367,-0.24487305
1469751294523,-0.026611328,1.0114746,-0.2836914
1469751294570,-0.21972656,0.7302246,-0.25170898
1469751294603,-0.15893555,1.2407227,-0.27001953
1469751294622,-0.24267578,1.0280762,-0.25073242
1469751294672,-0.19824219,0.64160156,-0.088134766
1469751294688,-0.25073242,0.99194336,0.040771484
1469751294723,-0.26049805,0.7336426,0.02709961
1469751294757,-0.37109375,0.8027344,0.5739746
1469751294785,-0.44995117,1.0,0.42871094
1469751294829,-0.4519043,1.4387207,0.5432129
1469751294856,-0.42407227,1.2558594,0.5852051
1469751294888,-0.27319336,0.36743164,0.7709961
1469751294922,-0.32177734,0.2619629,0.76123047
1469751294957,-0.41918945,0.49536133,0.7817383
1469751294985,-0.3996582,0.85131836,0.82373047
1469751295021,-0.5986328,0.31958008,0.58691406
1469751295063,-0.3046875,0.8154297,0.5390625
1469751295087,-0.23242188,0.7026367,0.01171875
1469751295104,-0.32543945,1.0158691,-0.040527344
1469751295158,-0.15478516,1.013916,-0.064697266
1469751295184,-0.1772461,1.0192871,-0.052246094
1469751295202,-0.1743164,0.93969727,-0.080078125
1469751295252,-0.19262695,0.8696289,-0.14257813
1469751295279,-0.17211914,0.8457031,-0.3581543
1469751295314,-0.21191406,0.9135742,-0.48901367
1469751295348,-0.23168945,0.93359375,-0.53393555
1469751295383,-0.25024414,0.8701172,-0.49804688
1469751295419,-0.28564453,1.0969238,-0.5566406
1469751295773,-0.29101563,0.7956543,-0.23022461
1469751295886,-0.25390625,0.8183594,-0.7180176
1469751296188,-0.3017578,0.7055664,-0.4658203
1469751296249,-0.19116211,1.2856445,-0.42797852
1469751296681,-0.05419922,0.8269043,-0.34887695
1469751296705,-0.107910156,0.8930664,-0.1706543
1469751296720,-0.23291016,0.9499512,-2.4414063E-4
1469751296728,-0.3083496,1.1472168,-0.00390625
1469751296744,-0.3317871,0.939209,0.053222656
1469751296751,-0.4008789,0.85424805,0.27172852
1469751296763,-0.44555664,1.0095215,0.44262695
1469751296781,-0.34472656,0.8713379,0.47558594
1469751296785,-0.32788086,0.6435547,0.7163086
1469751296796,-0.25024414,0.5031738,0.7084961
1469751296800,-0.2668457,0.42700195,0.78393555
1469751296808,-0.20800781,0.76586914,0.68896484
1469751296828,-0.3190918,0.11743164,0.90649414
1469751296846,-0.3256836,0.626709,0.93188477
1469751296901,-0.22143555,0.47485352,0.7480469
1469751296914,-0.20825195,0.5344238,0.6196289
1469751296949,-0.2211914,0.64331055,0.71069336
1469751296993,-0.47753906,-0.24291992,1.3161621
1469751297011,-0.27441406,0.704834,0.7680664
1469751297045,-0.34326172,0.30004883,0.7614746
1469751297079,-0.3479004,0.06274414,0.92333984
1469751297124,-0.28710938,0.29492188,0.8876953
1469751297158,-0.28051758,0.08618164,0.90893555
1469751297190,-0.41210938,0.23120117,1.0070801
1469751297230,-0.45385742,-0.0061035156,0.9958496
1469751297260,-0.39111328,0.32470703,0.68237305
1469751297294,-0.43188477,-0.28222656,1.0551758
1469751297328,-0.3659668,-0.5432129,1.0087891
1469751297380,-0.38452148,-0.17163086,0.8679199
1469751297409,-0.4399414,-0.13208008,0.8000488
1469751297436,-0.3642578,0.37353516,0.6525879
1469751297485,-0.38354492,0.5119629,0.94506836
1469751297505,-0.2758789,0.40698242,0.8532715
1469751297542,-0.28735352,0.4958496,0.87939453
1469751297580,-0.31469727,0.05859375,1.0058594
1469751297620,-0.31860352,0.6855469,0.89697266
1469751297645,-0.43359375,0.9069824,0.8754883
1469751297678,-0.5617676,0.97216797,0.6784668
1469751297711,-0.4074707,0.46655273,0.32739258
1469751297748,-0.55371094,0.45703125,0.77563477
1469751297759,-0.4580078,2.144043,0.7705078
1469751297792,-0.3828125,0.9152832,0.6411133
1469751297825,-0.22314453,0.32910156,0.73339844
1469751297859,-0.390625,0.4555664,0.8847656
1469751297893,-0.24926758,0.3256836,0.6142578
1469751297924,-0.4116211,0.5812988,0.71191406
1469751297955,-0.43676758,0.47827148,0.8544922
1469751297989,-0.4501953,0.15234375,0.9916992
1469751298024,-0.3737793,-0.1784668,0.7915039
1469751298040,-0.3671875,0.18823242,0.6032715
1469751298075,-0.4099121,0.30249023,0.6472168
1469751298114,-0.6501465,0.08544922,0.90356445
1469751298175,-0.46166992,-0.8964844,1.017334
1469751298206,-0.49316406,-0.27612305,1.0664063
1469751298240,-0.6027832,-0.01953125,0.9135742
1469751298274,-0.5397949,0.40795898,0.6743164
1469751298309,-0.5053711,-0.075927734,0.8156738
1469751298346,-0.48486328,0.1772461,0.5917969
1469751298379,-0.564209,0.98706055,0.16552734
1469751298410,-0.43237305,1.3598633,0.14355469
1469751298439,-0.4951172,0.91015625,0.25463867
1469751298473,-0.47045898,0.70288086,0.35595703
1469751298495,-0.39990234,0.6274414,0.35180664
1469751298524,-0.37573242,1.0446777,0.017089844
1469751298553,-0.125,1.5461426,-0.14746094
1469751298588,-0.15161133,0.8430176,-0.10253906
1469751298622,-0.21606445,0.88183594,-0.05419922
1469751298659,-0.27905273,1.1325684,-0.10498047
1469751298692,-0.23339844,0.970459,-0.04248047
1469751298725,-0.20483398,0.9724121,-0.06958008
1469751298764,-0.18530273,0.904541,-0.18798828
1469751298793,-0.25048828,0.85546875,-0.2685547
1469751298829,-0.36987305,1.015625,-0.32641602
1469751298860,-0.3293457,0.8798828,-0.3623047
1469751298892,-0.30786133,0.99609375,-0.3869629
1469751298935,-0.32055664,0.8129883,-0.4580078
1469751298975,-0.33911133,0.8779297,-0.751709
1469751299044,-0.19897461,0.77856445,-0.5656738
1469751299075,-0.25683594,0.6411133,-0.49023438
1469751299108,-0.3720703,0.9682617,-0.6101074
1469751299143,-0.29760742,0.63183594,-0.5
1469751299459,-0.24365234,0.7680664,-0.4790039
1469751299523,-0.34448242,0.7163086,-0.44384766
1469751299820,-0.31274414,0.87475586,-0.58813477
1469751299878,-0.22436523,0.5698242,-0.4248047
1469751299901,-0.34423828,1.0622559,-0.7409668
1469751299942,-0.31713867,0.8469238,-0.17407227
1469751299983,-0.140625,0.8786621,-0.3959961
1469751300015,-0.24707031,1.1054688,-0.62280273
1469751300034,0.037841797,0.91918945,-0.57788086
1469751300085,0.12695313,0.5908203,-0.5222168
1469751300101,-0.1538086,0.9863281,-0.40405273
1469751300137,-0.29296875,0.9050293,-0.39282227
1469751300188,-0.1015625,0.6582031,-0.57836914
1469751300233,-0.18969727,0.8244629,-0.26904297
1469751300268,-0.14282227,0.9108887,-0.5239258
1469751300303,-0.083740234,1.201416,-0.46606445
1469751300335,0.016845703,0.8203125,-0.49975586
1469751300363,-0.11767578,0.9169922,-0.31030273
1469751300396,-0.1850586,1.0166016,-0.45385742
1469751300433,-0.13256836,0.66015625,-0.5463867
1469751300473,-0.16772461,1.0185547,-0.44873047
1469751300516,-0.2758789,0.8339844,-0.546875
1469751300561,-0.31420898,0.95288086,-0.26416016
1469751300618,-0.28735352,0.86035156,0.053710938
1469751300673,-0.4423828,1.3049316,0.2529297
1469751300682,-0.3251953,1.0500488,0.01953125
1469751300716,-0.3005371,1.0424805,-0.111083984
1469751300777,-0.55493164,0.7763672,0.4711914
1469751300791,-0.3605957,0.14282227,0.23657227
1469751300820,-0.39404297,1.0983887,0.3642578
1469751300847,-0.3425293,0.67700195,0.2602539
1469751300887,-0.4567871,0.52197266,0.53393555
1469751300916,-0.39135742,0.9440918,0.5708008
1469751300950,-0.15917969,0.8322754,0.3317871
1469751300989,0.05444336,0.7241211,0.21142578
1469751301020,0.099609375,1.0244141,0.24829102
1469751301057,-0.09692383,1.0812988,0.64819336
1469751301099,-0.5078125,1.1682129,0.47680664
1469751301155,-0.47338867,1.1472168,0.36083984
1469751301233,-0.36132813,0.7741699,0.55859375
1469751301267,-0.38134766,1.2126465,0.4333496
1469751301298,-0.34716797,0.8095703,0.62597656
1469751301333,-0.16821289,0.732666,0.38842773
1469751301367,-0.2524414,1.0483398,0.34326172
1469751301403,-0.21533203,1.0114746,0.19482422
1469751301435,-0.22265625,0.9770508,0.2783203
1469751301470,-0.21069336,0.92944336,0.15844727
1469751301504,-0.15722656,0.920166,0.19580078
1469751301540,-0.17773438,0.8679199,0.0075683594
1469751301573,-0.22607422,1.0356445,0.0048828125
1469751301618,-0.27539063,0.88183594,-0.057617188
1469751301628,-0.2890625,0.8991699,-0.2692871
1469751301660,-0.24169922,0.98779297,-0.39697266
1469751301677,-0.28735352,0.9753418,-0.38891602
1469751301729,-0.21557617,1.0234375,-0.39916992
1469751301758,-0.17675781,0.93066406,-0.33544922
1469751301777,-0.23706055,0.92626953,-0.37182617
1469751301826,-0.27075195,0.9562988,-0.48120117
1469751301845,-0.28320313,0.8840332,-0.59765625
1469751301876,-0.2919922,0.7429199,-0.5925293
1469751301916,-0.29711914,0.93310547,-0.38330078
1469751301940,-0.28515625,0.7919922,-0.4658203
1469751301976,-0.32470703,0.98046875,-0.5161133
1469751302031,-0.2548828,0.9030762,-0.3996582
1469751302043,-0.1665039,0.7446289,-0.4116211
1469751302077,-0.25708008,0.93481445,-0.39916992
1469751302122,-0.27319336,0.95288086,-0.57592773
1469751302139,-0.13330078,0.8354492,-0.5656738
1469751302181,-0.14941406,0.98413086,-0.43554688
1469751302208,-0.171875,0.65405273,-0.33203125
1469751302241,-0.2956543,1.1181641,-0.39746094
1469751302271,-0.25854492,0.904541,-0.54785156
1469751302309,-0.033691406,0.78466797,-0.43798828
1469751302328,-0.1628418,0.85009766,-0.30566406
1469751302357,-0.2211914,1.0141602,-0.2536621
1469751302407,-0.107666016,0.8737793,-0.39672852
1469751302427,-0.20581055,0.89819336,-0.30541992
1469751302459,-0.1550293,0.953125,-0.4892578
1469751302494,-0.1105957,0.8417969,-0.45629883
1469751302529,-0.2524414,0.8835449,-0.43408203
1469751302556,-0.20483398,0.95336914,-0.34375
1469751302589,-0.21020508,0.9523926,-0.2919922
1469751302624,-0.14819336,0.9182129,-0.3305664
1469751302657,-0.24121094,0.9562988,-0.2998047
1469751302691,-0.17651367,0.9406738,-0.16479492
1469751302727,-0.18701172,0.9724121,-0.06201172
1469751302755,-0.2512207,0.93603516,-0.20922852
1469751302789,-0.24780273,1.010498,-0.24121094
1469751302822,-0.23364258,1.1269531,-0.22875977
1469751302864,-0.064453125,0.77124023,0.2956543
1469751302872,-0.18554688,0.87841797,-0.10546875
1469751302908,-0.22363281,1.0620117,0.11621094
1469751302937,-0.25561523,0.68481445,0.20410156
1469751302971,-0.2861328,0.99194336,0.083740234
1469751303006,-0.24291992,1.0717773,0.21020508
1469751303038,-0.19580078,0.9206543,0.15283203
1469751303073,-0.2368164,1.0092773,0.04736328
1469751303374,-0.14941406,0.9321289,-0.07910156
1469751303456,-0.19970703,1.0224609,0.020751953
1469751303488,-0.21899414,1.0493164,0.012939453
1469751303526,-0.22729492,1.0275879,0.016357422
1469751303554,-0.23071289,1.0090332,-0.05053711
1469751303587,-0.2211914,0.9890137,-0.087890625
1469751303619,-0.19995117,0.98046875,-0.091552734
1469751303663,-0.20629883,0.96362305,-0.076171875
1469751303687,-0.20483398,0.953125,-0.07006836
1469751303708,-0.20605469,0.9736328,-0.088134766
1469751303772,-0.21655273,0.99243164,-0.06958008
1469751303810,-0.22387695,0.9785156,-0.03540039
1469751303881,-0.24267578,1.0273438,-0.080078125
1469751303904,-0.28027344,1.0397949,-0.111572266
1469751303949,-0.23486328,0.9980469,-0.17114258
1469751303968,-0.17773438,0.8664551,-0.26464844
1469751304000,-0.14233398,0.8017578,-0.33251953
1469751304041,-0.091308594,0.7919922,-0.39233398
1469751304069,-0.19604492,0.87939453,-0.2709961
1469751304104,-0.2705078,0.91796875,-0.28955078
1469751304132,-0.14697266,1.1208496,-0.30688477
1469751304178,-0.076660156,1.0375977,-0.23486328
1469751304199,-0.014160156,1.0681152,-0.21557617
1469751304233,-0.061035156,1.0673828,-0.31860352
1469751304272,-0.16601563,0.9724121,-0.37231445
1469751304287,-0.21777344,0.8093262,-0.42285156
1469751304332,-0.2121582,1.0039063,-0.45336914
1469751304374,-0.21411133,0.88720703,-0.3647461
1469751304381,-0.17138672,0.83447266,-0.42260742
1469751304433,-0.1315918,0.8171387,-0.39794922
1469751304450,-0.16577148,0.87475586,-0.36547852
1469751304488,-0.14916992,0.9140625,-0.42651367
1469751304518,-0.12939453,0.90063477,-0.4272461
1469751304548,-0.1352539,0.9199219,-0.4111328
1469751304598,-0.14355469,0.9609375,-0.42895508
1469751304633,-0.13989258,0.89575195,-0.3918457
1469751304667,-0.1508789,0.8598633,-0.38354492
1469751304703,-0.1550293,0.91967773,-0.37768555
1469751304746,-0.20141602,0.92700195,-0.36108398
1469751304780,-0.20947266,1.0871582,-0.3347168
1469751304819,-0.17016602,1.026123,-0.20214844
1469751304850,-0.22021484,0.7956543,-0.33129883
1469751304868,-0.10180664,1.1262207,-0.38354492
1469751304916,-0.21142578,0.8186035,-0.1003418
1469751304946,-0.28515625,1.0895996,-0.46484375
1469751304964,0.022460938,1.1936035,-0.6218262
1469751305018,0.07446289,0.75756836,0.1730957
1469751305048,0.080566406,0.51416016,0.42456055
1469751305084,0.10498047,0.7890625,0.15283203
1469751305117,0.06591797,1.1103516,-0.21362305
1469751305126,-0.25170898,0.8874512,-0.5283203
1469751305167,-0.5227051,1.4807129,-1.3947754
1469751305195,-0.37768555,0.6777344,-0.6335449
1469751305229,-0.3334961,0.9602051,-0.6503906
1469751305268,-0.08959961,0.72387695,-0.036376953
1469751305300,-0.10620117,0.8874512,1.0007324
1469751305328,0.1159668,0.8713379,-0.32763672
1469751305363,0.22729492,0.532959,-1.1420898
1469751305400,-1.4592285,1.8132324,-1.1306152
1469751305432,-0.08129883,0.7302246,-0.6098633
1469751305469,-0.48583984,0.8215332,-0.07128906
1469751305500,0.31176758,0.5385742,0.6032715
1469751305514,-0.18359375,1.145752,0.10668945
1469751305543,-0.07421875,0.9160156,-0.26123047
1469751305604,-0.47802734,1.4094238,-0.77783203
1469751305659,-0.29467773,0.77978516,-0.35229492
1469751305691,-0.1574707,0.7890625,-0.15527344
1469751305713,0.4987793,0.4387207,0.45922852
1469751305747,-0.0715332,1.0356445,0.359375
1469751305781,-0.068115234,0.76464844,-0.3815918
1469751305820,-0.62158203,1.4489746,-1.1386719
1469751305847,-1.1572266,0.8840332,-1.3430176
1469751305918,0.28759766,0.43188477,0.1459961
1469751305948,0.34350586,0.7126465,0.67456055
1469751305976,-0.41870117,0.89746094,0.030517578
1469751306030,-0.71777344,1.5129395,-0.8625488
1469751306079,-0.20092773,0.81225586,-0.5258789
1469751306095,-0.5102539,1.0402832,-0.28295898
1469751306123,0.21606445,0.5463867,0.037109375
1469751306412,0.0546875,0.99487305,0.7294922
1469751306494,-0.6750488,1.1447754,-0.6425781
1469751306802,-0.3881836,0.8798828,-0.5061035
1469751306889,-0.1665039,0.9699707,-0.24023438
1469751306931,-0.18457031,0.97094727,-0.25439453
1469751306958,-0.2163086,0.9621582,-0.2722168
1469751306991,-0.18701172,0.95288086,-0.28271484
1469751307009,-0.16723633,0.9272461,-0.28955078
1469751307061,-0.13720703,0.91064453,-0.26098633
1469751307074,-0.14892578,0.9213867,-0.2475586
1469751307097,-0.16479492,0.9301758,-0.28271484
1469751307143,-0.19580078,0.9284668,-0.28198242
1469751307171,-0.18481445,0.93652344,-0.28564453
1469751307199,-0.18237305,0.9243164,-0.29345703
1469751307233,-0.18530273,0.94384766,-0.30371094
1469751307268,-0.17456055,0.94506836,-0.3310547
1469751307303,-0.17285156,0.95214844,-0.29418945
1469751307337,-0.18237305,0.95336914,-0.29296875
1469751307371,-0.16479492,0.95654297,-0.29736328
1469751307407,-0.1508789,0.95874023,-0.27416992
1469751307440,-0.16992188,0.95947266,-0.25732422
1469751307477,-0.16137695,0.967041,-0.28637695
1469751307489,-0.15795898,0.95288086,-0.28637695
1469751307518,-0.17260742,0.9526367,-0.2861328
1469751307551,-0.17626953,0.9526367,-0.3125
1469751307589,-0.16259766,0.9489746,-0.33325195
1469751307628,-0.14868164,0.9733887,-0.31811523
1469751307649,-0.15844727,0.9748535,-0.28515625
1469751307684,-0.14868164,0.96972656,-0.24365234
1469751307719,-0.1262207,0.98413086,-0.15917969
1469751307752,-0.104003906,0.9567871,-0.13500977
1469751307770,-0.050048828,0.99658203,-0.12963867
1469751307803,-0.06323242,1.0463867,-0.140625
1469751307836,-0.083496094,1.0419922,-0.16015625
1469751307870,-0.087646484,1.0600586,-0.20922852
1469751307906,-0.118896484,1.0244141,-0.22338867
1469751307934,-0.1262207,0.98168945,-0.21655273
1469751307969,-0.14941406,0.93359375,-0.24975586
1469751308001,-0.18701172,0.88623047,-0.3293457
1469751308036,-0.19458008,0.89404297,-0.36816406
1469751308062,-0.17993164,0.87524414,-0.35253906
1469751308105,-0.18359375,0.84350586,-0.37036133
1469751308134,-0.20776367,0.8623047,-0.35595703
1469751308153,-0.2109375,0.89501953,-0.30639648
1469751308212,-0.1586914,0.9055176,-0.22509766
1469751308238,-0.1418457,0.94091797,-0.20458984
1469751308267,-0.1315918,0.9658203,-0.17797852
1469751308287,-0.14501953,0.98095703,-0.114746094
1469751308315,-0.13305664,1.0112305,-0.12719727
1469751308351,-0.09814453,1.0517578,-0.13867188
1469751308384,-0.056396484,1.1201172,-0.12866211
1469751308418,-0.016113281,1.1550293,-0.10620117
1469751308451,-0.03564453,1.171875,-0.08325195
1469751308485,-0.10546875,1.0712891,-0.04321289
1469751308514,-0.13891602,0.9848633,-0.018554688
1469751308549,-0.15991211,1.0026855,-0.046875
1469751308582,-0.19580078,0.9716797,-0.055908203
1469751308617,-0.23657227,0.9589844,-0.05444336
1469751308634,-0.26782227,0.9145508,-0.017578125
1469751308693,-0.23071289,0.87060547,-0.033447266
1469751308701,-0.28198242,0.9042969,-0.056152344
1469751308732,-0.359375,0.94506836,-0.048828125
1469751308803,-0.3762207,0.92993164,-0.016113281
1469751308832,-0.3239746,0.9211426,-0.02368164
1469751308872,-0.3010254,0.87402344,-0.061035156
1469751308907,-0.32373047,0.9411621,-0.118896484
1469751308937,-0.45336914,0.9316406,-0.15771484
1469751308971,-0.60546875,0.8779297,-0.4008789
1469751309007,-0.60131836,0.91796875,-0.37670898
1469751309041,-0.27001953,0.8803711,-0.16601563
1469751309075,-0.10961914,0.8498535,-0.18676758
1469751309109,0.04296875,1.0090332,-0.09057617
1469751309145,0.025390625,1.0007324,0.02709961
1469751309178,-0.01586914,0.95874023,-0.048095703
1469751309218,-0.08984375,1.0874023,0.0029296875
1469751309291,-0.084472656,1.1943359,-0.03930664
1469751309316,-0.15454102,1.2614746,-0.13745117
1469751309361,-0.09399414,0.9855957,-0.14355469
1469751309390,-0.13476563,0.75219727,-0.018554688
1469751309420,-0.33813477,1.0727539,-0.07324219
1469751309456,-0.16259766,0.9980469,-0.15405273
1469751309769,-0.10058594,1.1589355,-0.052490234
1469751309845,-0.20654297,0.876709,0.2944336
1469751309874,-0.14111328,1.0959473,0.48046875
1469751309906,-0.22583008,0.9108887,0.35742188
1469751309943,-0.26733398,0.7141113,0.046875
1469751309960,-0.23803711,0.89624023,-0.25708008
1469751309994,-0.47607422,1.1953125,1.0202637
1469751310028,-0.25610352,1.2131348,0.6828613
1469751310063,-0.09741211,0.8869629,0.4699707
1469751310097,-0.12841797,0.7751465,0.48657227
1469751310127,-0.3005371,1.0495605,0.40771484
1469751310168,-0.005126953,1.0166016,0.39672852
1469751310193,-0.064697266,0.6948242,0.54174805
1469751310227,-0.052978516,0.9223633,0.4465332
1469751310262,-0.09448242,1.0449219,0.45214844
1469751310283,-0.10253906,0.8312988,0.48779297
1469751310324,-0.22167969,0.9772949,0.6743164
1469751310359,-0.059570313,0.9416504,-0.05078125
1469751310375,-0.21972656,0.8222656,0.60375977
1469751310432,-0.06762695,0.71777344,0.7060547
1469751310444,-0.043945313,0.7883301,0.5187988
1469751310489,-0.1303711,0.8635254,0.2878418
1469751310524,-0.16748047,1.201416,0.5756836
1469751310540,-0.118652344,0.86938477,0.7194824
1469751310579,-0.041992188,0.8786621,0.6647949
1469751310609,-0.03149414,1.1103516,0.3762207
1469751310643,-0.05834961,1.0498047,0.3618164
1469751310681,-0.042236328,0.92211914,0.37304688
1469751310705,-0.02368164,0.8342285,0.4946289
1469751310739,0.0026855469,0.75878906,0.44726563
1469751310774,0.03881836,0.7067871,0.29003906
1469751310814,-0.09790039,0.8054199,0.5917969
1469751310845,-0.06958008,0.7512207,0.8286133
1469751310879,0.072265625,0.6154785,0.6501465
1469751310914,0.09887695,0.736084,0.5107422
1469751310955,-0.063964844,0.87402344,0.45629883
1469751311016,-0.17358398,0.8654785,0.33789063
1469751311025,-0.2578125,1.1306152,0.3623047
1469751311060,-0.2578125,0.9411621,0.41967773
1469751311093,-0.26953125,0.8208008,0.5344238
1469751311122,-0.21459961,0.9020996,0.5053711
1469751311156,-0.20800781,0.9003906,0.46875
1469751311191,-0.26416016,0.814209,0.57592773
1469751311226,-0.2783203,0.7636719,0.5810547
1469751311261,-0.24707031,0.8137207,0.47924805
1469751311296,-0.2602539,0.8125,0.56103516
1469751311331,-0.25683594,0.7944336,0.5654297
1469751311363,-0.25097656,0.8366699,0.54418945
1469751311397,-0.18969727,0.82373047,0.5617676
1469751311471,-0.20825195,0.81469727,0.5786133
1469751311500,-0.22631836,0.75805664,0.53027344
1469751311537,-0.38085938,0.84375,0.5136719
1469751311606,-0.3815918,0.7182617,0.40844727
1469751311640,-0.44140625,0.6711426,0.38891602
1469751311674,-0.4428711,0.8779297,0.19580078
1469751311706,-0.50024414,0.91308594,0.11352539
1469751311740,-0.36523438,0.93896484,0.115234375
1469751311780,-0.26904297,0.92285156,0.1394043
1469751311809,-0.21655273,0.9265137,0.22241211
1469751311847,-0.1184082,0.9589844,0.16186523
1469751311878,-0.20166016,1.1647949,0.064941406
1469751311912,-0.33032227,1.1374512,0.26098633
1469751311948,-0.03955078,1.1381836,0.16723633
1469751311983,0.08300781,1.0932617,0.29101563
1469751312026,0.10083008,0.9536133,0.28564453
1469751312057,-0.04296875,0.98583984,0.22851563
1469751312089,-0.07348633,0.98413086,0.13110352
1469751312122,-0.10498047,0.9445801,0.09106445
1469751312155,-0.13891602,0.9602051,0.048095703
1469751312189,-0.115722656,0.9724121,-0.056640625
1469751312220,-0.1171875,1.0581055,-0.06665039
1469751312258,-0.11352539,1.0129395,0.0048828125
1469751312289,-0.099365234,1.0141602,-9.765625E-4
1469751312317,-0.11694336,1.0410156,-0.0034179688
1469751312359,-0.1328125,1.0317383,-7.324219E-4
1469751312384,-0.14819336,1.0056152,0.019042969
1469751312424,-0.12963867,1.0134277,-0.00390625
1469751312463,-0.13745117,0.9890137,0.033447266
1469751312470,-0.14233398,0.9921875,0.035888672
1469751312515,-0.13916016,1.0,0.026123047
1469751312826,-0.19628906,0.9892578,0.06982422
1469751312874,-0.19970703,0.95410156,0.10620117
1469751313204,-0.011230469,1.0239258,0.049804688
1469751313288,-0.12426758,0.859375,0.016113281
1469751313313,-0.033447266,0.79296875,0.0075683594
1469751313347,0.008056641,0.8955078,-0.0056152344
1469751313384,0.009033203,1.0009766,0.0078125
1469751313414,0.01586914,0.8840332,-0.030273438
1469751313459,0.009277344,0.91381836,-0.013183594
1469751313478,0.0043945313,0.8762207,-0.032470703
1469751313511,-0.01928711,0.9189453,-0.022216797
1469751313546,0.2019043,0.41137695,0.06616211
1469751313581,0.14355469,0.11425781,0.2705078
1469751313623,-0.41625977,0.4272461,0.20288086
1469751313631,-0.7050781,0.81518555,-0.61035156
1469751313667,-1.4277344,2.1264648,-0.41210938
1469751313733,-0.008544922,1.246582,0.071777344
1469751313767,0.023925781,1.0861816,-0.008300781
1469751313797,-0.27294922,1.3295898,0.08105469
1469751313830,-0.37109375,1.1228027,-0.023925781
1469751313865,-0.34838867,1.1860352,0.012939453
1469751313898,-0.32250977,0.92333984,0.2133789
1469751313927,-0.3251953,0.9404297,0.0234375
1469751313965,-0.19262695,0.8474121,0.18603516
1469751314011,0.0,0.6386719,-0.037841797
1469751314033,0.16210938,0.7368164,0.2241211
1469751314067,0.21557617,0.4909668,0.20629883
1469751314101,-0.34472656,0.32421875,0.7375488
1469751314128,-0.31933594,0.41235352,-0.25976563
1469751314147,-0.967041,2.5705566,-0.6455078
1469751314204,-0.7409668,0.8322754,0.59375
1469751314245,-0.0847168,1.1323242,0.24316406
1469751314285,-0.2055664,0.94262695,0.23706055
1469751314309,-0.35375977,0.98779297,0.25927734
1469751314351,-0.34545898,1.1877441,0.22338867
1469751314378,-0.28051758,1.1870117,0.38623047
1469751314413,-0.25146484,0.6801758,0.38671875
1469751314447,-0.20874023,1.1179199,0.31323242
1469751314479,0.07080078,0.6269531,-0.16357422
1469751314511,0.041015625,0.6694336,0.4086914
1469751314543,0.20166016,0.4255371,0.4375
1469751314575,-0.6140137,0.2175293,1.534668
1469751314614,-0.14111328,0.61621094,-0.9445801
1469751314627,-1.1887207,1.4804688,-0.26513672
1469751314681,-0.29223633,0.9055176,0.5756836
1469751314715,-0.13354492,1.1787109,0.29077148
1469751314725,-0.030761719,1.1992188,0.16699219
1469751314776,-0.17578125,1.1264648,0.2121582
1469751314792,-0.2763672,1.0532227,0.19116211
1469751314827,-0.2602539,1.1489258,0.27124023
1469751314863,-0.20532227,1.0473633,0.46411133
1469751314889,-0.12866211,0.7573242,0.3544922
1469751314931,0.0021972656,0.79174805,0.25439453
1469751314957,0.079833984,0.74560547,0.037841797
1469751314993,0.122558594,0.6196289,0.27978516
1469751315026,0.27929688,0.75634766,0.21289063
1469751315059,-0.34057617,0.45043945,0.6308594
1469751315088,-0.25561523,0.29248047,-0.21362305
1469751315128,-0.861084,3.366455,-0.7402344
1469751315158,-0.8623047,0.9008789,0.7739258
1469751315190,-0.36572266,1.2053223,0.47265625
1469751315208,-0.10229492,1.2229004,0.19360352
1469751315259,0.115722656,1.0212402,0.04736328
1469751315288,0.05834961,0.92285156,0.13354492
1469751315309,-0.05053711,0.8261719,0.16918945
1469751315355,-0.10595703,1.0273438,0.3071289
1469751315383,-0.109375,0.7897949,0.4494629
1469751315420,-0.036621094,0.6765137,0.32055664
1469751315441,0.009521484,0.91796875,0.18725586
1469751315475,-0.033935547,0.6430664,0.5332031
1469751315506,0.051757813,0.85717773,0.47338867
1469751315554,-0.9094238,0.22753906,0.8696289
1469751315589,-0.33203125,0.08520508,-1.4492188
1469751315623,-1.0546875,1.3554688,-0.27319336
1469751315658,-0.41210938,0.8071289,0.64941406
1469751315693,-0.5007324,0.87231445,0.55688477
1469751315709,-0.49316406,0.9255371,0.6245117
1469751315767,-0.5354004,0.9289551,0.4868164
1469751315803,-0.5876465,0.7648926,0.41357422
1469751315839,-0.4921875,0.7355957,0.48828125
1469751315884,-0.46801758,0.72094727,0.5332031
1469751315909,-0.4494629,0.66625977,0.51123047
1469751315953,-0.25952148,0.83496094,0.44921875
1469751315986,-0.33422852,0.8840332,0.43554688
1469751316007,-0.052978516,0.82299805,0.45458984
1469751316039,0.067871094,1.1469727,0.34838867
1469751316073,-0.12011719,1.5224609,0.31811523
1469751316384,0.03173828,1.4577637,0.51049805
1469751316473,0.4255371,0.07714844,0.0014648438
1469751316517,0.4711914,0.17138672,-0.076416016
1469751316545,0.40722656,0.5332031,-0.15576172
1469751316568,0.4169922,0.73046875,0.43798828
1469751316604,0.41674805,0.30737305,0.6213379
1469751316636,0.56762695,0.6999512,0.97094727
1469751316672,0.6699219,0.71191406,0.6723633
1469751316701,0.63623047,1.0131836,0.9116211
1469751316733,0.63793945,0.88256836,0.8786621
1469751316774,0.75390625,0.5739746,0.47387695
1469751316802,0.5517578,0.55810547,0.29736328
1469751316845,0.5031738,0.50561523,0.20483398
1469751316854,0.6442871,0.36083984,0.13305664
1469751316906,0.4868164,0.3215332,0.22485352
1469751316936,0.29101563,0.1821289,0.30517578
1469751316949,0.24023438,0.16552734,0.19189453
1469751316984,0.12524414,-0.008544922,-0.0087890625
1469751317018,0.096191406,-0.0847168,-0.099365234
1469751317053,0.36743164,-0.036132813,-0.008544922
1469751317080,0.8400879,-0.12402344,0.34936523
1469751317115,1.0390625,0.46435547,0.7705078
1469751317149,0.83081055,0.57910156,1.1582031
1469751317183,0.7475586,0.82666016,0.76049805
1469751317219,0.71875,1.0410156,0.40234375
1469751317253,0.6484375,1.0097656,0.095214844
1469751317280,0.6958008,1.1428223,0.35766602
1469751317316,0.8117676,0.9921875,0.60546875
1469751317348,0.7373047,0.62109375,0.47583008
1469751317404,0.32373047,1.3369141,0.15429688
1469751317435,0.36157227,1.1469727,0.109375
1469751317469,0.4963379,0.6989746,-0.15332031
1469751317505,0.4309082,0.2919922,-0.37060547
1469751317541,0.4255371,0.16479492,-0.7104492
1469751317573,0.265625,0.2668457,-0.90722656
1469751317607,-0.099853516,1.6369629,-0.65771484
1469751317643,-0.017333984,1.9143066,-0.7312012
1469751317675,0.072021484,0.4375,-0.90625
1469751317712,-0.037109375,0.9199219,-0.84521484
1469751317744,-0.08300781,0.8720703,-0.65112305
1469751317780,-0.014892578,1.1616211,-0.97387695
1469751317824,-0.04321289,1.0717773,-0.47802734
1469751317883,0.07006836,0.72094727,-0.5686035
1469751317894,-0.018066406,0.9362793,-0.31445313
1469751317919,0.006591797,0.9626465,-0.5180664
1469751317963,0.0,1.1079102,-0.4350586
1469751317989,-0.1496582,1.2226563,0.020751953
1469751318023,0.26293945,0.529541,-0.4284668
1469751318057,-0.21289063,1.1445313,0.3293457
1469751318090,-0.22314453,1.1137695,0.19873047
1469751318125,-0.33618164,0.8925781,0.20092773
1469751318159,-0.13110352,0.8300781,0.0637207
1469751318196,0.16674805,0.77368164,-0.07519531
1469751318236,0.3630371,0.77075195,-0.46557617
1469751318283,0.5517578,1.0686035,-0.9536133
1469751318310,0.48828125,1.3178711,-0.85058594
1469751318345,0.08154297,0.6623535,-0.3310547
1469751318378,-0.21801758,1.0212402,-0.1105957
1469751318405,-0.2553711,0.4951172,0.020751953
1469751318447,-0.14331055,0.4477539,-0.26904297
1469751318463,-0.008544922,1.5617676,-0.5319824
1469751318495,-0.09887695,0.93408203,-0.06347656
1469751318545,-0.075927734,1.3120117,0.09448242
1469751318560,0.019042969,1.1071777,0.12402344
1469751318597,-0.057128906,0.5678711,0.29345703
1469751318629,-0.5593262,0.8823242,0.6711426
1469751318663,-0.25708008,1.4943848,0.30297852
1469751318693,-0.11694336,1.1181641,0.5673828
1469751318726,-0.12768555,1.2373047,0.20336914
1469751318759,-0.083496094,0.86743164,0.057617188
1469751318795,0.04345703,0.6538086,-0.09716797
1469751318828,0.23535156,0.67285156,-0.43017578
1469751318861,-0.044433594,0.6555176,-0.26733398
1469751318894,0.10107422,0.8483887,-0.43969727
1469751318924,0.17236328,1.5671387,-0.41357422
1469751318962,0.0041503906,1.3815918,-0.4597168
1469751318977,0.35766602,0.6069336,-0.7104492
1469751319029,0.0026855469,0.7421875,-0.07348633
1469751319044,-0.08544922,0.91308594,-0.6477051
1469751319072,-0.00390625,1.1025391,-0.5148926
1469751319145,0.17114258,1.5493164,-0.5004883
1469751319178,0.084228516,1.2578125,-0.4038086
1469751319489,0.31860352,0.84936523,0.2644043
1469751319553,0.4580078,0.0637207,0.13549805
1469751319849,0.034423828,1.3779297,0.5834961
1469751319903,0.19482422,0.98706055,0.42285156
1469751319936,0.04272461,1.4611816,0.25927734
1469751319972,0.021240234,0.7805176,0.7246094
1469751320006,-0.055664063,1.0070801,0.5476074
1469751320042,0.015136719,1.161377,0.2919922
1469751320091,-0.061279297,1.1760254,0.33935547
1469751320120,-0.03491211,0.94799805,0.27197266
1469751320150,0.17626953,1.251709,-0.22143555
1469751320188,0.34057617,1.0239258,-0.3857422
1469751320215,0.47705078,0.95532227,-0.32299805
1469751320245,0.5185547,0.5986328,-0.41259766
1469751320286,0.5979004,0.9260254,-0.07006836
1469751320301,0.5620117,0.5852051,-0.48706055
1469751320339,0.50512695,0.8671875,-0.62109375
1469751320370,0.23144531,1.1337891,-0.2368164
1469751320409,-0.6804199,2.0534668,2.0197754
1469751320439,0.049316406,-0.9277344,0.77441406
1469751320467,0.12817383,1.8686523,0.33935547
1469751320503,-0.13452148,-0.13256836,1.328125
1469751320539,0.20776367,-0.76586914,0.7558594
1469751320571,0.109375,0.33618164,0.68896484
1469751320604,0.17822266,0.42822266,0.73461914
1469751320620,0.14038086,0.6376953,0.82421875
1469751320667,0.13647461,1.3566895,0.7026367
1469751320702,-0.2788086,1.6071777,0.95751953
1469751320721,0.048339844,0.7512207,0.8952637
1469751320769,0.009277344,0.51464844,0.67993164
1469751320791,0.011230469,0.6308594,0.73828125
1469751320821,0.01977539,0.71484375,0.80444336
1469751320860,0.09375,0.6945801,0.68310547
1469751320883,-0.009277344,0.88623047,0.54663086
1469751320918,-0.008300781,1.1125488,0.53344727
1469751320961,0.24047852,1.3381348,0.29077148
1469751320989,0.23901367,0.9628906,0.23706055
1469751321019,0.21313477,0.7561035,0.23999023
1469751321053,0.19995117,0.5974121,0.31640625
1469751321083,0.118896484,0.1850586,0.57373047
1469751321118,0.23291016,0.47607422,-0.11816406
1469751321151,0.17944336,0.9116211,0.6953125
1469751321184,0.26464844,1.2373047,0.24926758
1469751321205,0.21923828,0.57421875,0.40283203
1469751321253,0.11767578,1.0493164,0.41430664
1469751321283,0.11694336,1.1530762,-0.13330078
1469751321307,0.08544922,1.0788574,-0.40551758
1469751321356,-0.028320313,1.1711426,0.35620117
1469751321367,-0.013183594,0.8989258,0.42236328
1469751321403,0.064697266,0.8654785,0.49414063
1469751321435,0.03881836,1.1784668,0.20581055
1469751321464,-0.018066406,0.78149414,0.41625977
1469751321499,0.18603516,1.0817871,0.38720703
1469751321537,0.13500977,1.0803223,0.22802734
1469751321576,0.07543945,0.89086914,0.095947266
1469751321599,0.15478516,0.6191406,0.41870117
1469751321638,0.24365234,0.83032227,0.21289063
1469751321669,0.13989258,0.56762695,0.30395508
1469751321701,0.16113281,0.97509766,0.5163574
1469751321730,-0.018066406,1.109375,0.83984375
1469751321767,-0.05419922,1.1567383,0.6311035
1469751321781,-0.09863281,0.93481445,0.63012695
1469751321817,-0.01977539,0.55688477,0.96362305
1469751321853,0.06298828,1.012207,0.71875
1469751321880,0.1821289,0.8491211,0.41674805
1469751321913,0.1184082,0.50390625,0.640625
1469751321948,0.24389648,0.9030762,0.25
1469751321981,0.18457031,1.0661621,0.3947754
1469751322020,0.11767578,0.8352051,0.59814453
1469751322051,0.08911133,1.1831055,0.5708008
1469751322079,0.2915039,0.44628906,0.30322266
1469751322114,0.17504883,0.33276367,0.578125
1469751322147,0.29516602,-0.125,0.47802734
1469751322180,0.25830078,0.64575195,0.8347168
1469751322225,-0.16748047,1.3588867,1.2250977
1469751322260,0.02758789,0.28100586,0.609375
1469751322298,0.14453125,0.90185547,0.7138672
1469751322335,0.13354492,0.18652344,0.9399414
1469751322366,0.08935547,0.7458496,0.72216797
1469751322397,0.16137695,0.8100586,0.5541992
1469751322430,0.1328125,0.67456055,0.7729492
1469751322460,0.107421875,0.6635742,0.6804199
1469751322501,-0.03881836,1.409668,0.50146484
1469751322536,0.14038086,0.8129883,0.64501953
1469751322561,0.3935547,0.4633789,0.23583984
1469751322869,0.40551758,0.08666992,0.060791016
1469751322943,-0.5078125,-0.14477539,0.23510742
1469751322980,-0.21020508,1.190918,0.4794922
1469751323279,-0.8100586,0.65405273,0.5629883
1469751323335,0.13208008,0.8588867,-0.6411133
1469751323375,-0.075927734,0.97753906,-0.09008789
1469751323404,-0.12060547,1.0664063,-0.40844727
1469751323439,0.11694336,1.1408691,-0.114746094
1469751323473,-0.048095703,1.0895996,-0.30664063
1469751323508,-0.026855469,0.8659668,-0.083984375
1469751323542,-0.025146484,1.0427246,0.21533203
1469751323576,0.08984375,0.6933594,0.09863281
1469751323611,-0.046142578,1.1044922,0.1381836
1469751323646,0.0715332,0.63183594,0.053710938
1469751323657,0.2590332,0.47460938,-0.78930664
1469751323689,0.22998047,0.78808594,-1.1635742
1469751323723,0.0637207,0.9433594,-1.0527344
1469751323756,-0.29882813,1.4074707,-0.4638672
1469751323791,-0.05517578,1.2062988,-0.7272949
1469751323821,0.1159668,0.7492676,-0.6843262
1469751323854,0.057617188,1.0285645,-0.8015137
1469751323888,-0.11401367,0.5671387,-0.35961914
1469751323924,0.16894531,0.7885742,-0.17114258
1469751323957,-0.056396484,0.8828125,0.01953125
1469751323991,-0.12036133,0.9182129,0.15576172
1469751324027,-0.14892578,1.0302734,0.37451172
1469751324070,-0.05517578,0.8251953,-0.008056641
1469751324104,-0.07006836,0.93237305,-0.28198242
1469751324137,0.24902344,0.88378906,-0.8730469
1469751324173,0.24902344,0.88671875,-0.7751465
1469751324208,0.1484375,0.4921875,-0.79248047
1469751324290,-0.34716797,1.222168,-0.6364746
1469751324313,0.2109375,0.99365234,-0.76171875
1469751324339,-0.041748047,0.61499023,-0.2956543
1469751324373,-0.15795898,0.5163574,0.06518555
1469751324409,-0.14770508,1.1835938,-0.13354492
1469751324443,-0.13476563,0.72021484,0.27441406
1469751324478,-0.33544922,0.8991699,0.4296875
1469751324547,0.015625,0.9748535,0.3305664
1469751324589,0.15014648,0.45947266,-0.05908203
1469751324621,0.21923828,1.3547363,-0.47924805
1469751324652,0.18188477,1.1445313,-0.3149414
1469751324684,0.29736328,0.5090332,0.15258789
1469751324719,-0.7697754,0.85058594,0.41333008
1469751324753,0.07788086,2.2807617,0.01977539
1469751324788,-0.29760742,0.46972656,0.3317871
1469751324829,-0.33422852,0.7272949,1.1442871
1469751324855,-0.55322266,1.2431641,0.921875
1469751324884,-0.3076172,1.0244141,0.6125488
1469751325022,-0.024414063,1.1416016,0.484375
1469751325030,-0.048095703,1.2194824,0.5576172
1469751325038,0.013671875,0.8442383,0.39208984
1469751325043,-0.07348633,0.9399414,0.37109375
1469751325053,0.16040039,0.8405762,0.5258789
1469751325075,0.26220703,0.78686523,0.30566406
1469751325118,0.32226563,1.0534668,0.19873047
1469751325134,0.53100586,0.84228516,-0.39013672
1469751325173,0.4494629,0.9848633,-0.4128418
1469751325204,0.2998047,0.41235352,0.23217773
1469751325240,0.15820313,0.14819336,0.28466797
1469751325281,-0.02319336,-0.3647461,1.8583984
1469751325316,0.44482422,0.9694824,0.84814453
1469751325350,0.28076172,0.91381836,0.32836914
1469751325385,0.43725586,0.5776367,0.41186523
1469751325401,0.3215332,0.7751465,0.4255371
1469751325436,0.41381836,1.0812988,0.5917969
1469751325465,0.51904297,1.2785645,0.44458008
1469751325499,0.53466797,0.63720703,0.546875
1469751325533,0.53515625,0.66967773,0.43286133
1469751325562,0.38598633,0.44384766,0.5109863
1469751325603,0.4934082,0.90625,0.5891113
1469751325630,0.49169922,1.0441895,0.6040039
1469751325667,0.375,0.86621094,0.44848633
1469751325698,0.3984375,0.670166,0.5241699
1469751325735,0.43701172,0.2890625,0.4650879
1469751325773,0.4892578,0.43969727,0.38061523
1469751325803,0.44018555,0.7253418,0.48828125
1469751325849,0.3876953,0.9831543,0.5578613
1469751325888,0.44677734,0.71484375,0.36645508
1469751325951,0.6279297,0.96118164,0.30566406
1469751326000,0.62597656,-0.11230469,0.28930664
1469751326032,0.5966797,-0.060058594,0.5773926
1469751326056,0.46069336,0.06542969,0.87841797
1469751326084,0.37426758,0.6723633,1.1796875
1469751326117,0.3552246,0.90063477,1.197998
1469751326132,0.35668945,0.734375,0.986084
1469751326470,0.27807617,1.2927246,0.8376465
1469751326539,0.39111328,0.25146484,0.8461914
1469751326564,0.5983887,0.35253906,0.46850586
1469751326600,0.6760254,0.33691406,0.5136719
1469751326660,0.57788086,0.15527344,0.54589844
1469751326699,0.56152344,0.068359375,0.74902344
1469751326714,0.5439453,-0.31811523,0.69970703
1469751326755,0.5644531,-0.30981445,0.53149414
1469751326779,0.7492676,-0.31518555,0.41503906
1469751326816,0.8244629,-0.061279297,0.3095703
1469751326850,0.68774414,-0.33691406,0.4633789
1469751326884,0.6599121,-0.34472656,0.51953125
1469751326930,0.41918945,7.324219E-4,0.68725586
1469751326957,0.24414063,-0.5576172,0.60058594
1469751326990,0.29077148,-0.14868164,0.5864258
1469751327024,0.3984375,-0.033935547,0.6611328
1469751327059,0.48461914,-0.21435547,0.62060547
1469751327094,0.6491699,0.005859375,0.56689453
1469751327129,0.8239746,-0.12646484,0.6623535
1469751327166,0.8510742,-0.11010742,0.8034668
1469751327198,0.8190918,-0.07763672,0.65844727
1469751327241,0.6464844,-0.0061035156,0.8654785
1469751327258,0.71240234,0.028564453,0.86572266
1469751327295,0.6953125,0.01586914,0.9638672
1469751327336,0.7697754,-0.3569336,0.8527832
1469751327370,0.7937012,-0.27246094,0.74902344
1469751327407,0.7841797,-0.30004883,0.6166992
1469751327439,0.7583008,-0.27294922,0.5031738
1469751327473,0.75878906,-0.1105957,0.5258789
1469751327512,0.71850586,-0.17602539,0.5800781
1469751327543,0.71484375,-0.095214844,0.5739746
1469751327579,0.6833496,-0.024902344,0.7114258
1469751327614,0.65283203,-0.20996094,0.57128906
