1469751142199,-0.049316406,0.7702637,0.63964844
1469751142203,-0.052001953,0.77563477,0.64208984
1469751142233,-0.047851563,0.7717285,0.63916016
1469751142258,-0.05078125,0.76953125,0.64404297
1469751142271,-0.05126953,0.76464844,0.64160156
1469751142289,-0.053466797,0.76782227,0.6437988
1469751142320,-0.052734375,0.7663574,0.64453125
1469751142356,-0.052246094,0.763916,0.63842773
1469751142405,-0.0546875,0.7651367,0.6398926
1469751142435,-0.060302734,0.76782227,0.6413574
1469751142450,-0.055908203,0.7702637,0.6398926
1469751142505,-0.052734375,0.76660156,0.63720703
1469751142537,-0.05126953,0.76708984,0.6364746
1469751142572,-0.052734375,0.7753906,0.6459961
1469751142583,-0.05102539,0.7602539,0.6398926
1469751142619,-0.05029297,0.7631836,0.640625
1469751142650,-0.052490234,0.7692871,0.6459961
1469751142686,-0.049316406,0.7624512,0.64038086
1469751142717,-0.037841797,0.7402344,0.6628418
1469751142753,0.025634766,0.68896484,0.7167969
1469751142784,0.07080078,0.5983887,0.704834
1469751142814,0.1381836,0.83374023,0.748291
1469751142849,0.16918945,0.5871582,0.68603516
1469751142884,0.14672852,0.62939453,0.6291504
1469751142918,0.17797852,0.84106445,0.61865234
1469751142953,0.09423828,0.9172363,0.6279297
1469751142963,0.032226563,0.82373047,0.6882324
1469751142998,0.011230469,0.92993164,0.6411133
1469751143032,0.009277344,0.8964844,0.6369629
1469751143067,0.014892578,0.7648926,0.68359375
1469751143098,0.0087890625,0.8383789,0.6208496
1469751143134,0.017333984,0.80371094,0.6281738
1469751143162,-0.030761719,0.72143555,0.6323242
1469751143197,7.324219E-4,0.9223633,0.54663086
1469751143232,-0.05493164,0.70092773,0.6062012
1469751143266,-0.12719727,0.7578125,0.61694336
1469751143282,-0.12817383,0.7861328,0.5888672
1469751143333,-0.10058594,0.69921875,0.6467285
1469751143354,-0.14648438,0.72998047,0.62768555
1469751143381,-0.22363281,0.6694336,0.6225586
1469751143432,-0.40649414,0.6357422,0.63305664
1469751143454,-0.40625,0.7285156,0.6452637
1469751143484,-0.39624023,0.61206055,0.71191406
1469751143522,-0.45874023,0.5839844,0.67749023
1469751143559,-0.42944336,0.642334,0.6833496
1469751143590,-0.3708496,0.47973633,0.75756836
1469751143614,-0.36767578,0.50390625,0.7734375
1469751143647,-0.32421875,0.5031738,0.7753906
1469751143680,-0.29956055,0.47973633,0.8310547
1469751143728,-0.32592773,0.4934082,0.80444336
1469751143762,-0.29638672,0.5192871,0.8483887
1469751143797,-0.33032227,0.50146484,0.85839844
1469751143832,-0.31152344,0.4633789,0.8413086
1469751143872,-0.29614258,0.45385742,0.81225586
1469751143920,-0.28759766,0.46801758,0.78759766
1469751143935,-0.25219727,0.42236328,0.7988281
1469751143968,-0.2614746,0.51660156,0.8581543
1469751144013,-0.3178711,0.58618164,0.86376953
1469751144045,-0.27612305,0.54248047,0.75683594
1469751144073,-0.06591797,0.49438477,0.76293945
1469751144107,-0.2980957,0.50219727,0.92626953
1469751144148,-0.37304688,0.55029297,0.86206055
1469751144177,-0.46728516,0.6442871,0.7133789
1469751144216,-0.5361328,0.6765137,0.623291
1469751144248,-0.5866699,0.54589844,0.6611328
1469751144264,-0.48242188,0.8676758,0.484375
1469751144296,-0.32641602,0.8066406,0.35424805
1469751144333,-0.18383789,0.68969727,0.34106445
1469751144352,-0.02758789,0.6921387,0.32470703
1469751144394,0.2578125,0.5925293,0.07861328
1469751144686,-0.119384766,0.9953613,-0.57006836
1469751144745,-0.21948242,0.8029785,-0.56689453
1469751144773,-0.17797852,0.7141113,-0.69262695
1469751145060,-0.27685547,0.7705078,-0.6208496
1469751145130,-0.24072266,0.8017578,-0.6064453
1469751145173,-0.2434082,0.7636719,-0.59106445
1469751145191,-0.23217773,0.78393555,-0.5686035
1469751145223,-0.22631836,0.77490234,-0.60375977
1469751145259,-0.18969727,0.8112793,-0.61816406
1469751145290,-0.20092773,0.8479004,-0.6418457
1469751145329,-0.18969727,0.8532715,-0.56518555
1469751145356,-0.24682617,0.8288574,-0.34204102
1469751145389,-0.27490234,1.0783691,-0.65234375
1469751145425,-0.17285156,1.0175781,-0.54052734
1469751145469,-0.22973633,0.7949219,-0.27514648
1469751145510,-0.28222656,0.73876953,-0.58813477
1469751145573,-0.16699219,0.8388672,-0.564209
1469751145613,-0.31420898,1.0483398,-0.54418945
1469751145684,0.0012207031,0.50878906,-0.1459961
1469751145716,-0.06225586,0.9812012,-0.11645508
1469751145748,-0.025390625,0.8605957,0.15014648
1469751145786,0.25097656,1.1972656,-0.18652344
1469751145815,-0.6386719,0.91796875,0.11328125
1469751145849,-0.35180664,0.76220703,-1.7001953
1469751145888,-0.55200195,0.81762695,-1.1113281
1469751145918,-0.20239258,1.0080566,-0.09057617
1469751145954,-0.18457031,0.84155273,-0.011962891
1469751145988,0.036376953,0.5637207,0.7216797
1469751146020,-0.27197266,1.0727539,0.34033203
1469751146056,-0.024169922,0.7077637,-0.21728516
1469751146093,-0.7546387,1.3654785,-1.3989258
1469751146124,-0.30786133,1.0793457,-0.57910156
1469751146196,0.14916992,0.22875977,1.0891113
1469751146228,-0.5114746,1.5410156,0.5527344
1469751146280,-0.047607422,0.7565918,0.0048828125
1469751146298,-0.3486328,1.1228027,-0.72631836
1469751146330,-0.97558594,1.2133789,-1.3547363
1469751146367,-0.14453125,0.9580078,-0.390625
1469751146399,-0.5161133,0.892334,-0.54125977
1469751146436,0.12231445,0.48217773,0.28881836
1469751146471,0.3635254,0.9824219,1.0297852
1469751146504,-0.545166,1.3496094,0.37841797
1469751146539,-0.1184082,0.63671875,0.1394043
1469751146575,-0.43310547,1.0466309,-0.4716797
1469751146618,-0.31958008,1.105957,-1.1523438
1469751146648,-0.14575195,1.0,-0.58374023
1469751146680,-0.31835938,0.7429199,-0.2548828
1469751146703,-0.11987305,0.78881836,-0.5102539
1469751146740,-0.07739258,0.97436523,-0.40161133
1469751146765,-0.1081543,1.0627441,-0.25463867
1469751146810,-0.09716797,1.0371094,-0.48754883
1469751146834,-0.21655273,1.1186523,-0.5563965
1469751146868,-0.18920898,0.8430176,-0.7084961
1469751146904,-0.031982422,0.79956055,-0.87768555
1469751146946,-0.328125,0.6398926,0.14575195
1469751146964,-0.43066406,1.057373,-0.09887695
1469751146999,-0.37353516,0.904541,0.103271484
1469751147034,-0.2939453,0.6999512,0.13500977
1469751147059,-0.35205078,0.8796387,-0.1105957
1469751147110,-0.25170898,0.5119629,0.42504883
1469751147132,-0.49145508,0.88500977,0.41235352
1469751147170,-0.39379883,1.1037598,0.6196289
1469751147203,-0.46166992,0.63623047,0.50219727
1469751147217,-0.3552246,0.91625977,0.47851563
1469751147251,-0.29174805,0.79467773,0.4038086
1469751147283,-0.2319336,0.7590332,0.57836914
1469751147320,-0.23535156,0.44702148,0.9494629
1469751147346,-0.21435547,1.050293,0.72436523
1469751147389,-0.24853516,0.67456055,0.5341797
1469751147420,-0.28808594,0.63256836,0.17626953
1469751147448,-0.16577148,0.96777344,-0.10205078
1469751147542,-0.22290039,1.0878906,0.09326172
1469751147580,-0.23266602,1.2126465,-0.21313477
1469751147613,-0.27075195,0.9057617,-0.22436523
1469751147629,-0.28320313,0.91674805,-0.09838867
1469751147682,-0.28564453,1.0100098,-0.57958984
1469751147706,-0.36987305,0.96850586,-0.31689453
1469751147740,-0.3322754,0.8195801,-0.24047852
1469751147778,-0.3564453,0.9765625,-0.58081055
1469751147796,-0.28588867,0.96435547,-0.5266113
1469751147839,-0.17919922,0.7963867,-0.5527344
1469751148136,-0.2290039,0.94433594,-0.39379883
1469751148176,-0.37670898,1.0961914,-0.5214844
1469751148214,-0.28051758,1.005127,-0.24658203
1469751148517,-0.07324219,0.8691406,-0.05493164
1469751148576,-0.04296875,0.8395996,0.21264648
1469751148609,-0.22583008,1.0800781,0.021728516
1469751148644,-0.3359375,0.8859863,-0.1862793
1469751148679,-0.29589844,0.89404297,-0.23779297
1469751148695,-0.35986328,0.7780762,-0.44360352
1469751148740,-0.28759766,1.0192871,-0.3930664
1469751148776,-0.25341797,1.0100098,-0.5107422
1469751148794,-0.38793945,1.197998,-0.56347656
1469751148843,-0.2434082,0.8581543,-0.05102539
1469751148876,-0.111083984,0.657959,-0.5649414
1469751148904,-0.04663086,1.0,-0.66845703
1469751148933,-0.17700195,0.6027832,-0.51660156
1469751148958,-0.32739258,0.95336914,-0.546875
1469751148990,-0.3449707,0.9116211,-0.5744629
1469751149025,-0.33569336,0.8010254,-0.44482422
1469751149061,-0.32470703,0.78125,-0.17602539
1469751149093,-0.3149414,0.751709,0.1574707
1469751149128,-0.4501953,0.7211914,0.03515625
1469751149155,-0.5407715,1.1767578,-0.44702148
1469751149190,-0.35595703,0.9667969,0.25341797
1469751149224,-0.24975586,0.6008301,0.48754883
1469751149260,-0.33129883,1.0849609,0.060058594
1469751149275,-0.19506836,0.87524414,0.32104492
1469751149334,-0.41870117,0.80200195,0.21240234
1469751149355,-0.4255371,0.9379883,0.3071289
1469751149372,-0.38208008,1.0385742,0.25756836
1469751149426,-0.32470703,0.88134766,0.51123047
1469751149453,-0.32226563,0.9694824,0.51342773
1469751149474,-0.29858398,0.9873047,0.37768555
1469751149511,-0.40307617,0.8395996,0.4375
1469751149538,-0.40649414,0.8479004,0.46826172
1469751149573,-0.31103516,0.8166504,0.25341797
1469751149605,-0.33764648,0.80371094,0.2685547
1469751149641,-0.27539063,0.75512695,0.14550781
1469751149676,-0.32714844,0.89282227,-0.19238281
1469751149708,-0.2915039,1.0490723,-0.28759766
1469751149740,-0.26586914,1.0634766,-0.34765625
1469751149772,-0.26879883,0.6882324,-0.45166016
1469751149806,-0.20751953,0.9562988,-0.4699707
1469751149844,-0.15820313,0.9819336,-0.42749023
1469751149875,-0.17480469,0.93310547,-0.35375977
1469751149910,-0.14941406,1.0708008,-0.43896484
1469751149943,-0.15209961,1.1599121,-0.6743164
1469751149953,-0.29858398,0.7351074,-0.55981445
1469751150012,-0.14575195,1.0231934,-0.45117188
1469751150023,-0.31396484,0.796875,-0.32641602
1469751150055,-0.4050293,0.6772461,-0.09716797
1469751150096,-0.38061523,0.70336914,-0.04638672
1469751150126,-0.44506836,0.90649414,0.34521484
1469751150156,-0.6437988,1.3754883,0.5241699
1469751150187,-0.36401367,1.5285645,0.34448242
1469751150224,-0.3876953,0.5498047,0.49951172
1469751150254,-0.33496094,0.4189453,0.45410156
1469751150289,-0.33032227,0.6826172,0.5720215
1469751150323,-0.296875,0.88500977,0.6369629
1469751150358,-0.22924805,0.70532227,0.56689453
1469751150396,-0.28125,0.8625488,0.3022461
1469751150441,-0.35986328,0.8293457,-0.0029296875
1469751150471,-0.36010742,0.89697266,-0.13183594
1469751150505,-0.2331543,0.87524414,-0.21020508
1469751150536,-0.20825195,0.8876953,-0.2019043
1469751150568,-0.27368164,0.7988281,-0.029296875
1469751150604,-0.2788086,0.9001465,-0.23852539
1469751150637,-0.31860352,1.003418,-0.3659668
1469751150671,-0.39941406,1.1318359,-0.47753906
1469751150706,-0.37768555,1.0292969,-0.5263672
1469751150739,-0.31152344,0.9367676,-0.54785156
1469751150773,-0.30859375,0.8642578,-0.5180664
1469751150804,-0.2758789,0.8310547,-0.39819336
1469751150836,-0.27954102,0.8833008,-0.37402344
1469751150869,-0.32861328,0.95581055,-0.49047852
1469751150887,-0.35864258,0.9602051,-0.5905762
1469751150921,-0.30078125,0.920166,-0.3720703
1469751150986,-0.2919922,0.8540039,-0.13085938
1469751151018,-0.047851563,0.96118164,0.012207031
1469751151053,0.024414063,0.8967285,-0.27124023
1469751151086,0.017822266,0.95581055,-0.2163086
1469751151120,-0.103759766,0.923584,-0.27246094
1469751151148,-0.36108398,0.7597656,-0.7236328
1469751151189,-0.6164551,1.0524902,-0.9030762
1469751151216,-0.6845703,0.81884766,-0.6765137
1469751151258,-0.5234375,0.9506836,-0.20727539
1469751151288,-0.21875,0.7963867,0.1862793
1469751151357,-0.30297852,0.9638672,0.49243164
1469751151403,-0.2319336,0.9301758,-0.44555664
1469751151695,-0.625,1.1706543,-0.87646484
1469751151774,0.064453125,0.5942383,0.13891602
1469751151796,0.20288086,0.68530273,0.5012207
1469751151834,-0.46655273,1.0341797,0.24902344
1469751151865,-0.14111328,0.68066406,-0.33251953
1469751151885,-0.3869629,1.2036133,-0.58081055
1469751151929,-0.685791,1.1469727,-0.73999023
1469751151963,-0.31420898,0.9111328,-0.17163086
1469751151979,-0.23950195,0.46728516,-0.048339844
1469751152030,-0.16186523,0.79418945,-0.14331055
1469751152066,-0.16503906,0.94262695,-0.11669922
1469751152094,-0.22290039,1.1396484,-0.07763672
1469751152128,-0.27563477,1.0029297,-0.34179688
1469751152164,-0.3154297,1.0791016,-0.24536133
1469751152197,-0.24121094,1.0458984,-0.18066406
1469751152232,-0.099853516,1.0043945,-0.46362305
1469751152265,-0.203125,1.0390625,-0.4169922
1469751152315,-0.21264648,1.0153809,-0.4416504
1469751152334,-0.19311523,1.1435547,-0.43237305
1469751152344,-0.119140625,1.0405273,-0.41870117
1469751152378,-0.32592773,0.99438477,-0.37768555
1469751152417,-0.19726563,1.1850586,-0.3840332
1469751152445,-0.19311523,0.8835449,-0.27197266
1469751152463,-0.33447266,0.73535156,0.01928711
1469751152514,-0.29345703,0.923584,0.36035156
1469751152557,-0.34472656,0.71606445,0.3088379
1469751152578,-0.32080078,1.0766602,0.15185547
1469751152613,-0.45263672,0.40429688,0.5361328
1469751152628,-0.4963379,0.10229492,0.8544922
1469751152680,-0.47192383,0.49121094,0.80078125
1469751152697,-0.4794922,0.2915039,0.67407227
1469751152731,-0.45776367,0.6611328,0.6452637
1469751152759,-0.26513672,0.5144043,0.73876953
1469751152794,-0.33007813,-0.02709961,0.9147949
1469751152827,-0.19873047,0.82714844,0.75683594
1469751152861,-0.171875,0.56274414,0.810791
1469751152897,-0.11352539,0.21801758,0.6452637
1469751152925,-0.15307617,0.6948242,0.6245117
1469751152959,-0.18579102,0.89086914,0.39379883
1469751152993,-0.16625977,1.142334,0.23046875
1469751153027,-0.15454102,1.315918,0.16503906
1469751153044,-0.11645508,1.0102539,0.0703125
1469751153097,-0.17041016,1.0710449,9.765625E-4
1469751153117,-0.23339844,0.7614746,-0.1628418
1469751153141,-0.1574707,1.0812988,-0.4020996
1469751153193,-0.16333008,0.704834,-0.4580078
1469751153209,-0.22314453,0.73217773,-0.36889648
1469751153243,-0.37280273,0.6508789,-0.33496094
1469751153278,-0.24291992,1.1416016,-0.5185547
1469751153312,-0.19506836,1.2016602,-0.59521484
1469751153341,-0.20019531,0.7529297,-0.704834
1469751153376,-0.31347656,0.9238281,-0.3178711
1469751153408,-0.2548828,0.84472656,-0.26953125
1469751153445,-0.23291016,0.9265137,-0.35913086
1469751153477,-0.34399414,0.96606445,-0.19555664
1469751153515,-0.29248047,0.8520508,-0.19189453
1469751153549,-0.3317871,0.89208984,-0.14526367
1469751153579,-0.16723633,0.8959961,-0.2265625
1469751153607,-0.31982422,1.0109863,-0.15429688
1469751153624,-0.3400879,1.4013672,-0.2783203
1469751153675,-0.41601563,-1.1335449,0.5048828
1469751153697,-0.13842773,2.1645508,0.21044922
1469751153720,-0.2006836,0.7084961,0.068115234
1469751153772,-0.07397461,0.8544922,-0.018066406
1469751153789,-0.16870117,1.1035156,0.40844727
1469751153823,-0.16210938,1.0119629,0.4423828
1469751153858,-0.23364258,0.88623047,0.28979492
1469751153893,-0.36279297,0.80737305,0.21850586
1469751153920,-0.21191406,0.6652832,0.3857422
1469751153963,-0.29125977,0.5625,0.7019043
1469751153997,-0.50097656,0.85839844,0.62158203
1469751154032,-0.28295898,0.8791504,0.5488281
1469751154057,-0.22363281,0.78149414,0.42578125
1469751154108,-0.49145508,0.6491699,0.72875977
1469751154159,-0.49389648,0.7421875,0.7175293
1469751154188,-0.43676758,0.4501953,0.55444336
1469751154206,-0.4008789,1.001709,0.11450195
1469751154281,-0.25708008,0.7570801,0.19238281
1469751154311,-0.19897461,0.7746582,0.030029297
1469751154355,-0.23583984,0.9621582,-0.1394043
1469751154381,-0.29345703,0.907959,-0.13476563
1469751154414,-0.30786133,0.95703125,-0.17480469
1469751154722,-0.37231445,1.0615234,-0.24853516
1469751154777,-0.36401367,0.91186523,-0.4819336
1469751154793,-0.29956055,0.8898926,-0.33813477
1469751154828,-0.33374023,0.8510742,-0.4633789
1469751154866,-0.37158203,1.0471191,-0.52246094
1469751154898,-0.19726563,0.8935547,-0.501709
1469751154930,-0.15698242,0.53808594,-0.12866211
1469751154966,-0.37939453,1.0512695,-0.359375
1469751154988,-0.19580078,0.9880371,-0.5625
1469751155019,-0.09448242,0.7602539,-0.36621094
1469751155065,-0.21728516,0.9650879,-0.20361328
1469751155105,-0.099365234,0.84521484,-0.3461914
1469751155119,-0.26660156,0.6591797,-0.11352539
1469751155149,-0.22290039,0.93652344,-0.24584961
1469751155184,-0.17944336,1.0795898,-0.39648438
1469751155227,-0.21704102,0.6906738,-0.42895508
1469751155247,-0.33276367,0.7619629,-0.40942383
1469751155278,-0.35083008,0.998291,-0.390625
1469751155315,-0.19165039,0.9499512,-0.35498047
1469751155346,-0.17651367,1.0075684,-0.17480469
1469751155382,-0.19042969,1.1298828,-0.09887695
1469751155416,-0.21826172,0.66967773,0.05493164
1469751155443,-0.41137695,0.7973633,0.061035156
1469751155468,-0.6047363,0.6801758,0.19116211
1469751155510,-0.5246582,1.0407715,0.35180664
1469751155532,-0.38867188,0.90356445,0.30200195
1469751155565,-0.4909668,1.0825195,0.49780273
1469751155598,-0.38842773,0.7163086,0.23071289
1469751155635,-0.45507813,0.9321289,0.49072266
1469751155650,-0.48901367,0.998291,0.53930664
1469751155702,-0.54956055,-0.25268555,1.4555664
1469751155732,-0.3972168,0.7126465,0.46435547
1469751155753,-0.39770508,0.72924805,0.23388672
1469751155799,-0.32470703,0.9326172,-0.045898438
1469751155821,-0.2800293,1.0498047,-0.17016602
1469751155856,-0.27197266,1.0183105,-0.24536133
1469751155884,-0.25610352,0.90649414,-0.30444336
1469751155914,-0.27734375,0.98095703,-0.4025879
1469751155947,-0.3088379,0.93652344,-0.46044922
1469751155985,-0.33007813,0.89990234,-0.2836914
1469751156017,-0.34814453,0.97680664,-0.29345703
1469751156055,-0.27954102,0.8508301,-0.3791504
1469751156083,-0.29736328,0.88427734,-0.5649414
1469751156112,-0.27026367,0.8676758,-0.53222656
1469751156152,-0.17626953,0.8000488,-0.5332031
1469751156185,-0.36865234,0.80810547,-0.39770508
1469751156220,-0.359375,0.9343262,-0.45263672
1469751156250,-0.3815918,0.9211426,-0.5566406
1469751156285,-0.2915039,0.765625,-0.27392578
1469751156305,-0.34570313,0.8779297,-0.4375
1469751156328,-0.40014648,1.213623,-0.8366699
1469751156380,-0.24853516,0.87475586,-0.3630371
1469751156401,-0.12963867,0.66137695,-0.09448242
1469751156430,-0.31958008,1.0727539,-0.5510254
1469751156465,-0.13354492,1.0324707,-0.57055664
1469751156498,0.0034179688,0.7258301,-0.24780273
1469751156532,-0.14575195,0.7531738,0.045898438
1469751156567,-0.16699219,0.92285156,-0.37646484
1469751156602,-0.09106445,1.1657715,-0.41552734
1469751156635,-0.12402344,0.9362793,-0.29663086
1469751156671,-0.26171875,0.7150879,-0.2758789
1469751156708,-0.43652344,0.88061523,-0.91430664
1469751156738,-0.79541016,1.1516113,-0.99658203
1469751156773,-0.24072266,0.61279297,-0.1899414
1469751156817,-0.084228516,0.8901367,0.006591797
1469751156910,-0.19873047,0.85595703,-0.33764648
1469751156985,-0.5449219,1.012207,-0.3408203
1469751157014,-0.6201172,1.0429688,0.018554688
1469751157048,-0.050048828,0.43017578,0.39257813
1469751157082,0.024902344,0.873291,0.6809082
1469751157118,-0.5966797,1.0009766,0.27514648
1469751157152,-0.2775879,0.8815918,-0.1862793
1469751157191,-0.63378906,1.2941895,-0.37841797
1469751157219,-0.43896484,0.782959,-0.57177734
1469751157254,-0.3774414,0.87280273,-0.33496094
1469751157278,-0.28198242,0.7663574,-0.39868164
1469751157307,-0.17919922,1.0759277,-0.52978516
1469751157358,-0.39111328,1.032959,-0.29907227
1469751157398,-0.47753906,1.0446777,0.18676758
1469751157465,-0.17456055,1.0490723,-0.3005371
1469751157495,-0.06933594,0.7805176,-0.31591797
1469751157541,-0.033691406,1.0358887,-0.5078125
1469751157567,0.0056152344,0.9067383,-0.56689453
1469751157609,0.076416016,0.64575195,-0.78930664
1469751157634,-0.095703125,0.7836914,-0.6730957
1469751157669,0.008056641,0.7729492,-0.30419922
1469751157703,-0.083984375,0.9326172,-0.49560547
1469751157736,-0.08105469,1.0332031,-0.30859375
1469751157758,-0.32104492,0.7602539,-0.03466797
1469751157800,-0.5583496,0.48608398,-1.0209961
1469751158126,-0.15991211,0.6201172,-0.7702637
1469751158207,-0.32055664,0.93066406,-0.35717773
1469751158240,-0.5041504,0.87158203,-0.28442383
1469751158274,-0.6816406,1.1816406,-0.31274414
1469751158303,-0.25073242,0.7585449,-0.25708008
1469751158338,-0.30615234,0.7216797,-0.85424805
1469751158373,-0.17114258,0.8676758,-0.7128906
1469751158406,0.114990234,0.8874512,-0.27661133
1469751158440,0.14624023,1.0366211,-0.0029296875
1469751158478,-0.10571289,1.2617188,-0.21240234
1469751158509,-0.3310547,0.5786133,-0.41381836
1469751158544,-0.21533203,0.72265625,-0.47875977
1469751158560,-0.09082031,0.8342285,-0.23168945
1469751158616,-0.6645508,1.0498047,-0.5109863
1469751158662,-0.3959961,0.91503906,-0.07519531
1469751158690,-0.62597656,0.91625977,-0.46557617
1469751158723,-0.50756836,0.79589844,-0.7368164
1469751158753,-0.52197266,0.89282227,-0.53466797
1469751158786,-0.47314453,0.81591797,-0.43701172
1469751158823,-0.4086914,0.6870117,-0.6582031
1469751158860,-0.2644043,0.7854004,-0.42456055
1469751158892,-0.09741211,1.0117188,-0.2722168
1469751158928,-0.07714844,0.98461914,-0.28051758
1469751158960,-0.19555664,0.85839844,-0.4663086
1469751158994,-0.015136719,0.94311523,-0.37670898
1469751159042,-0.21679688,0.58813477,-0.7734375
1469751159075,-0.3544922,0.6062012,-0.39672852
1469751159139,-0.6142578,0.796875,-0.2944336
1469751159169,-0.57592773,1.0419922,0.05517578
1469751159203,-0.7290039,0.85131836,-0.42138672
1469751159238,-0.46923828,1.0407715,-0.33618164
1469751159273,-0.3305664,0.86694336,-0.5180664
1469751159312,-0.22241211,0.80566406,-0.40478516
1469751159343,-0.17333984,0.9626465,-0.7546387
1469751159375,-0.2109375,0.4638672,-0.7519531
1469751159409,-0.18310547,0.5888672,-0.8479004
1469751159444,-0.25,0.579834,-0.8781738
1469751159476,-0.24658203,0.85253906,-0.6040039
1469751159485,-0.26171875,0.80981445,-0.1796875
1469751159534,-0.16259766,1.25,0.13964844
1469751159566,-0.24291992,0.9345703,-0.7480469
1469751159584,-0.36645508,0.96777344,-0.64819336
1469751159620,-0.21948242,0.81518555,-0.63256836
1469751159654,-0.017333984,0.84106445,-0.71875
1469751159688,-0.15820313,0.9309082,-0.62768555
1469751159717,-0.20117188,0.56396484,-0.9819336
1469751159749,-0.033691406,0.60009766,-0.18310547
1469751159784,-0.29248047,0.5097656,-0.78100586
1469751159822,-0.27539063,0.8522949,-0.52563477
1469751159852,-0.52685547,0.87353516,-0.4387207
1469751159887,-0.27661133,0.77905273,-0.546875
1469751159916,-0.5834961,0.9289551,-0.6281738
1469751159948,-0.39379883,0.9013672,-0.40795898
1469751159987,-0.35327148,0.76123047,-0.5864258
1469751159999,-0.30444336,0.93115234,-0.47705078
1469751160054,-0.1875,0.62890625,-0.8913574
1469751160081,0.16992188,0.8063965,-0.3942871
1469751160098,-0.10107422,1.1010742,-0.26904297
1469751160149,-0.2265625,0.8486328,-0.5969238
1469751160164,-0.15161133,0.74658203,-0.46166992
1469751160199,-0.18457031,0.87719727,-0.3581543
1469751160244,0.012207031,0.703125,-0.16479492
1469751160274,-0.09399414,0.5551758,-0.4633789
1469751160301,-0.41259766,0.6352539,-0.5683594
1469751160330,-0.4494629,0.9416504,-0.53930664
1469751160364,-0.6550293,0.77319336,-0.7128906
1469751160404,-0.2746582,0.8510742,-0.6672363
1469751160432,-0.34350586,0.8911133,-0.6464844
1469751160467,-0.36816406,0.16455078,-0.60668945
1469751160493,-0.13891602,1.0490723,-0.6425781
1469751160528,7.324219E-4,0.87280273,-0.5349121
1469751160564,-0.040283203,0.85717773,-0.42895508
1469751160591,-0.0546875,0.90356445,-0.5913086
1469751160634,-0.16235352,0.89868164,-0.47460938
1469751160659,-0.10229492,0.6879883,-0.45581055
1469751160695,-0.20874023,0.9133301,-0.70336914
1469751160728,-0.27172852,0.73339844,-0.4194336
1469751160764,-0.20336914,0.54248047,-0.5930176
1469751160801,-0.16870117,0.88134766,-0.81591797
1469751160834,-0.11816406,1.1418457,-0.58569336
1469751160865,-0.6447754,0.39453125,-0.90649414
1469751161160,0.10864258,1.21875,-0.16235352
1469751161221,-0.33666992,0.8430176,-0.8293457
1469751161536,-0.2722168,0.64624023,-0.6994629
1469751161635,-0.05444336,1.0236816,-0.6479492
1469751161645,-0.11987305,0.84375,-0.8515625
1469751161704,-0.53027344,0.44873047,-0.72998047
1469751161731,-0.119140625,0.9628906,-0.548584
1469751161794,-0.38305664,0.6320801,-0.51220703
1469751161819,-0.34326172,0.62646484,-0.5180664
1469751161845,-0.27954102,0.8364258,-0.43432617
1469751161880,-0.60009766,0.83740234,-0.8754883
1469751161907,-0.37304688,0.81152344,-0.6875
1469751161947,-0.38549805,0.7915039,-0.6201172
1469751161976,-0.234375,0.763916,-0.59765625
1469751162008,-0.28271484,0.7011719,-0.48413086
1469751162057,-0.3125,0.9626465,-0.5751953
1469751162076,-0.16503906,0.7998047,-0.37280273
1469751162108,-0.107177734,0.8769531,-0.34448242
1469751162141,-0.0949707,1.0075684,-0.50561523
1469751162172,-0.20239258,0.7043457,-0.6645508
1469751162208,-0.05517578,0.89038086,-0.42382813
1469751162227,-0.2849121,0.57055664,-0.122558594
1469751162278,-0.7121582,0.86621094,-0.5847168
1469751162308,-0.47827148,1.0766602,-0.60253906
1469751162322,-0.4543457,0.82714844,-0.38891602
1469751162373,-0.49438477,0.83447266,-0.35888672
1469751162403,-0.5383301,1.0429688,-0.61206055
1469751162437,-0.29345703,0.96850586,-0.55737305
1469751162469,-0.26660156,0.8105469,-0.4296875
1469751162505,-0.10668945,0.94506836,-0.4404297
1469751162538,0.0056152344,0.88500977,-0.3466797
1469751162575,0.14990234,0.58203125,-0.15283203
1469751162606,-0.053222656,0.77905273,0.103271484
1469751162649,-0.055664063,1.0275879,0.0769043
1469751162675,-0.072265625,1.157959,-0.060302734
1469751162685,-0.19091797,0.7661133,0.10205078
1469751162728,-0.41870117,1.1005859,-0.22290039
1469751162756,-0.3017578,1.0280762,-0.31567383
1469751162795,-0.2849121,0.91015625,-0.07421875
1469751162821,-0.23754883,0.5385742,-0.17041016
1469751162857,-0.36010742,1.1259766,-0.2421875
1469751162884,-0.7512207,0.9992676,-0.8059082
1469751162918,-0.20581055,0.9555664,-0.29907227
1469751162961,-0.3137207,0.9584961,-0.14013672
1469751162986,-0.2854004,1.0063477,-0.17944336
1469751163023,-0.35058594,0.91308594,-0.2763672
1469751163060,-0.1550293,0.88183594,-0.16870117
1469751163090,-0.06640625,0.9255371,0.013671875
1469751163101,-0.07324219,0.7895508,-0.09350586
1469751163136,-0.056640625,1.2902832,-0.22680664
1469751163169,-0.0847168,0.9621582,-0.10913086
1469751163206,-0.05419922,1.057373,0.08666992
1469751163238,-0.2734375,0.9152832,0.091796875
1469751163272,-0.4326172,1.0073242,-0.19580078
1469751163300,-0.50439453,1.0544434,-0.31958008
1469751163334,-0.53271484,0.9577637,-0.19677734
1469751163369,-0.29003906,0.76904297,-0.2019043
1469751163387,-0.31591797,0.6816406,-0.09008789
1469751163422,-0.30786133,0.87109375,-0.0078125
1469751163458,-0.26049805,0.9091797,0.10839844
1469751163484,-0.2199707,1.0117188,0.103271484
1469751163517,-0.3190918,1.0246582,-0.07885742
1469751163552,-0.3720703,0.76953125,0.23657227
1469751163596,-0.47436523,0.8671875,0.19628906
1469751163620,-0.4272461,1.2727051,-0.0026855469
1469751163658,0.16870117,0.3798828,0.94970703
1469751163683,-0.5078125,0.84277344,0.23632813
1469751163720,-0.34472656,0.8725586,0.39135742
1469751163751,-0.2590332,1.0874023,0.5004883
1469751163786,-0.012207031,0.50390625,0.2265625
1469751163818,0.084472656,0.9370117,0.2944336
1469751163837,-0.46606445,0.8347168,0.43823242
1469751163869,-0.38916016,0.8828125,0.33422852
1469751163916,-0.27441406,1.1252441,0.0859375
1469751163933,-0.18408203,0.7270508,0.36572266
1469751163968,-0.20263672,0.6755371,0.3955078
1469751164000,-0.45092773,1.0708008,0.15625
1469751164034,-0.46289063,0.85668945,0.32421875
1469751164076,-0.31591797,0.69140625,0.64990234
1469751164104,-0.45507813,0.9746094,0.37963867
1469751164133,-0.2709961,0.92578125,0.5070801
1469751164167,-0.07080078,0.7609863,0.5378418
1469751164200,-0.34155273,0.8249512,0.58325195
1469751164239,-0.48876953,0.80688477,0.5852051
1469751164559,-0.35839844,0.7570801,0.57128906
1469751164627,-0.27026367,0.4699707,0.85180664
1469751164652,-0.3269043,0.60717773,0.76416016
1469751164689,0.06665039,0.7890625,0.9250488
1469751164720,-0.1027832,0.08496094,1.0720215
1469751164757,-0.42504883,0.4567871,0.6694336
1469751164790,-0.51708984,1.0124512,0.40649414
1469751164836,-0.048339844,0.17602539,0.8725586
1469751164893,-0.5095215,0.26342773,1.0480957
1469751164934,-0.25390625,0.7561035,0.73217773
1469751165005,-0.23364258,0.6789551,0.8547363
1469751165035,-0.060546875,0.46875,0.8083496
1469751165066,-0.13720703,0.4855957,0.64819336
1469751165111,-0.25854492,0.65771484,0.72436523
1469751165136,-0.18139648,0.6862793,0.6796875
1469751165169,-0.17504883,0.76782227,0.74560547
1469751165203,-0.14038086,0.62646484,0.96875
1469751165237,-0.15209961,0.43481445,1.0197754
1469751165274,-0.21166992,0.53930664,0.78222656
1469751165307,-0.16699219,0.6501465,0.63793945
1469751165349,-0.2084961,0.5222168,0.83935547
1469751165376,-0.18920898,0.5378418,0.7192383
1469751165414,-0.06591797,0.6647949,0.81762695
1469751165480,-0.18432617,0.74780273,0.75512695
1469751165492,-0.100097656,0.58569336,0.7609863
1469751165520,-0.11425781,0.5576172,0.70947266
1469751165561,-0.1394043,0.5805664,0.8352051
1469751165586,-0.13354492,0.6203613,0.90527344
1469751165621,-0.14331055,0.5620117,0.7897949
1469751165656,-0.12890625,0.56811523,0.6887207
1469751165688,-0.07104492,0.43359375,0.7722168
1469751165728,-0.21362305,0.5871582,0.8510742
1469751165762,-0.09399414,0.7687988,0.64404297
1469751165802,-0.19018555,0.59155273,0.7573242
1469751165842,-0.33544922,0.6557617,0.74243164
1469751165919,0.03857422,0.7363281,1.0756836
1469751165949,-0.1586914,0.48291016,0.98413086
1469751165974,-0.27075195,0.7062988,0.64819336
1469751166010,-0.5969238,0.8286133,0.6826172
1469751166045,-0.4597168,0.4597168,1.2893066
1469751166062,-0.3190918,0.6101074,0.607666
1469751166092,-0.27685547,0.57470703,0.7824707
1469751166143,-0.2919922,0.5593262,0.8874512
1469751166161,-0.1508789,0.48608398,0.9255371
1469751166192,-0.14453125,0.57910156,0.72143555
1469751166245,-0.18652344,0.5175781,0.7072754
1469751166261,-0.2331543,0.44213867,0.71972656
1469751166291,-0.3310547,0.5263672,0.97094727
1469751166323,-0.1875,0.49609375,0.87524414
1469751166358,-0.32104492,0.50390625,0.826416
1469751166399,-0.44555664,0.8515625,0.6816406
1469751166426,-0.30249023,0.67871094,0.84375
1469751166459,-0.18017578,0.31518555,1.0488281
1469751166495,-0.08105469,0.21044922,0.8520508
1469751166533,-0.2607422,0.5917969,0.8322754
1469751166562,-0.27661133,0.63378906,0.7739258
1469751166576,-0.12036133,0.17456055,0.96899414
1469751166632,-0.1862793,0.22485352,0.80078125
1469751166646,-0.36816406,0.53930664,0.88793945
1469751166672,-0.43139648,0.6665039,0.9802246
1469751166740,-0.11035156,0.16357422,0.9416504
1469751166774,-0.29492188,0.044433594,0.9169922
1469751166806,-0.2331543,0.7416992,0.82250977
1469751166840,-0.20507813,0.63500977,0.8540039
1469751166876,-0.15698242,0.36816406,0.9777832
1469751166917,-0.37231445,0.63500977,0.94311523
1469751166943,-0.47094727,0.65625,0.61328125
1469751166979,-0.19946289,0.77124023,0.5185547
1469751167014,-0.22094727,0.37158203,0.92993164
1469751167050,-0.26464844,0.39990234,0.9519043
1469751167062,-0.17749023,0.33813477,0.9892578
1469751167118,-0.2631836,0.45385742,0.91503906
1469751167155,-0.3935547,0.35375977,0.6755371
1469751167224,-0.26098633,0.28442383,0.89501953
1469751167260,-0.2927246,0.36645508,0.85058594
1469751167301,-0.25390625,0.12719727,0.8520508
1469751167323,-0.2524414,0.5932617,0.6730957
1469751167359,-0.23413086,0.51464844,0.5678711
1469751167396,-0.1887207,0.72802734,0.41918945
1469751167435,-0.13476563,1.0891113,0.22949219
1469751167469,-0.076660156,0.93188477,0.099121094
1469751167484,-0.20898438,1.2453613,9.765625E-4
1469751167518,-0.3359375,0.9123535,-0.11767578
1469751167554,-0.32958984,0.96313477,-0.39257813
1469751167586,-0.3059082,1.0400391,-0.31079102
1469751167884,-0.25146484,1.0148926,-0.35253906
1469751167968,-0.23901367,0.74316406,-0.4025879
1469751168266,-0.16918945,0.9421387,-0.4338379
1469751168318,-0.08178711,0.9128418,-0.55078125
1469751168349,-0.25708008,0.59155273,-0.07128906
1469751168387,-0.17382813,0.89038086,-0.16088867
1469751168424,-0.14892578,0.84033203,-0.4814453
1469751168454,-0.19067383,0.7739258,-0.25463867
1469751168480,-0.13671875,0.7910156,-0.17602539
1469751168515,-0.16015625,0.9892578,-0.33325195
1469751168549,-0.26513672,0.9633789,-0.29418945
1469751168586,-0.3684082,1.1899414,-0.33325195
1469751168623,-0.3359375,0.68530273,-0.25878906
1469751168650,-0.078125,0.8823242,-0.36694336
1469751168682,-0.60253906,1.376709,-0.10131836
1469751168716,-0.3190918,0.81933594,-0.17578125
1469751168749,-0.3137207,0.9711914,-0.25610352
1469751168791,-0.22045898,0.8569336,-0.16430664
1469751168819,-0.20019531,1.0666504,-0.13745117
1469751168853,-0.06640625,0.8547363,-0.2763672
1469751168862,-0.05053711,0.8327637,-0.13574219
1469751168897,-0.049316406,0.9091797,-0.080566406
1469751168933,-0.21240234,0.70874023,-0.34716797
1469751168964,-0.2956543,1.2719727,-0.29003906
1469751169000,-0.25708008,0.96313477,-0.5527344
1469751169037,-0.3515625,0.8742676,-0.4206543
1469751169066,-0.29956055,0.72802734,-0.40771484
1469751169099,-0.32714844,0.89331055,-0.5107422
1469751169133,-0.4987793,0.5986328,-0.623291
1469751169168,-0.35424805,1.0297852,-0.72875977
1469751169182,-0.2607422,0.80810547,-0.6875
1469751169238,-0.3190918,0.87231445,-0.30517578
1469751169248,-0.2644043,0.84033203,-0.6652832
1469751169277,-0.23120117,0.9748535,-0.5341797
1469751169328,-0.19555664,0.5402832,-0.47265625
1469751169346,-0.2993164,0.70410156,-0.2722168
1469751169381,-0.26879883,0.6687012,-0.07836914
1469751169415,-0.234375,0.920166,-0.15942383
1469751169457,-0.2602539,0.9082031,-0.23828125
1469751169480,-0.24829102,0.7297363,-0.43310547
1469751169514,-0.080078125,0.97680664,-0.61157227
1469751169544,-0.0048828125,0.9440918,-0.5019531
1469751169581,-0.09277344,0.7878418,-0.3935547
1469751169622,-0.12915039,0.69018555,-0.45117188
1469751169649,-0.095703125,0.9465332,-0.57177734
1469751169680,-0.30322266,1.0097656,-0.65600586
1469751169709,-0.19848633,0.65649414,-0.30932617
1469751169752,-0.37695313,0.6538086,-0.44189453
1469751169762,-0.43310547,0.8852539,-0.40039063
1469751169811,-0.14111328,0.8222656,-0.28955078
1469751169836,-0.40942383,0.9404297,-0.24047852
1469751169858,-0.35131836,1.1928711,-0.6101074
1469751169909,-0.4897461,0.7026367,-0.15307617
1469751169933,-0.23925781,0.75268555,-0.30004883
1469751169962,-0.2421875,0.9699707,-0.33618164
1469751169995,-0.18603516,0.9890137,-0.6723633
1469751170029,-0.22827148,0.6503906,-0.17358398
1469751170057,-0.27246094,1.0292969,-0.3449707
1469751170101,-0.23803711,1.0305176,-0.2993164
1469751170128,-0.15844727,0.8339844,-0.35229492
1469751170161,-0.1430664,1.0656738,-0.30688477
1469751170194,-0.15625,0.9519043,-0.109375
1469751170231,-0.15551758,1.0769043,-0.08227539
1469751170244,-0.25170898,0.85498047,0.13500977
1469751170291,-0.25439453,1.128418,0.16845703
1469751170324,-0.30786133,1.0229492,0.14697266
1469751170351,-0.41308594,0.8405762,0.3244629
1469751170414,-0.32006836,0.9243164,0.28833008
1469751170429,-0.36914063,0.72143555,0.0234375
1469751170456,-0.39575195,1.0239258,0.8405762
1469751170493,-0.39038086,0.81152344,0.56396484
1469751170526,-0.39868164,0.9008789,0.4243164
1469751170561,-0.5217285,0.57128906,0.7229004
1469751170619,-0.62402344,0.64038086,0.7336426
1469751170664,-0.7368164,0.5385742,0.7770996
1469751170672,-0.62109375,0.095947266,0.8894043
1469751170706,-0.33081055,0.39404297,1.0070801
1469751170742,-0.26123047,0.068115234,0.7319336
1469751170776,-0.3256836,0.029541016,0.8388672
1469751170808,-0.17651367,0.4855957,0.7631836
1469751170838,-0.25024414,0.6582031,0.80688477
1469751170878,-0.26000977,0.56762695,0.72265625
1469751170907,-0.33569336,0.95947266,0.6594238
1469751170943,-0.43823242,0.86450195,0.57177734
1469751170977,-0.42260742,0.84643555,0.5427246
1469751171279,-0.2685547,1.0087891,0.36035156
1469751171357,-0.3400879,0.90234375,-0.26220703
1469751171676,-0.31420898,0.9172363,-0.3671875
1469751172121,-0.35668945,0.7937012,-0.90478516
1469751172135,-0.7380371,0.94091797,-1.2382813
1469751172151,-0.5649414,1.0200195,-0.845459
1469751172164,-0.22265625,1.0759277,0.15161133
1469751172177,-0.39624023,0.82788086,0.45874023
1469751172181,-0.14941406,1.1572266,-0.4025879
1469751172188,-0.5202637,1.3874512,-0.4572754
1469751172201,-0.26489258,1.1630859,-0.021728516
1469751172209,-0.35107422,0.9187012,0.07885742
1469751172214,-0.0107421875,0.6040039,1.1115723
1469751172221,-0.60595703,0.92456055,0.25952148
1469751172249,-0.17138672,0.6191406,-0.42700195
1469751172256,-0.8327637,1.4328613,-0.6394043
1469751172271,-0.5773926,0.74194336,-0.67822266
1469751172281,-0.5205078,0.9592285,0.15209961
1469751172293,-0.44067383,0.7775879,-0.18579102
1469751172308,0.015136719,0.60717773,0.68359375
1469751172317,-0.25976563,0.8820801,0.5241699
1469751172334,-0.21508789,0.5773926,0.25927734
1469751172365,-0.28637695,0.94311523,0.06982422
1469751172402,-0.8562012,1.0593262,0.16992188
1469751172438,-0.4658203,1.0527344,-1.0058594
1469751172483,-0.39526367,0.8149414,-0.6520996
1469751172515,-0.4338379,0.7290039,-0.4038086
1469751172540,-0.2097168,0.7844238,-0.32128906
1469751172574,-0.36669922,0.6503906,-0.03857422
1469751172609,-0.23217773,0.9223633,0.5805664
1469751172643,-0.08911133,1.230957,0.06958008
1469751172681,-0.20874023,1.1787109,-0.28979492
1469751172712,-0.3190918,0.81884766,-0.16723633
1469751172746,-0.45214844,0.8522949,-0.3383789
1469751172785,-0.45483398,0.93310547,-0.5415039
1469751172818,-0.3540039,0.8544922,-0.77124023
1469751172852,-0.20874023,0.91503906,-0.4970703
1469751172868,-0.19262695,1.041748,-0.30126953
1469751172898,-0.3737793,0.83447266,-0.3425293
1469751172932,-0.46728516,1.0808105,-0.32104492
1469751172958,-0.29492188,1.0390625,-0.26538086
1469751172999,-0.4116211,0.53564453,0.08886719
1469751173036,-0.35375977,0.9484863,0.068115234
1469751173062,-0.44848633,0.8310547,0.34692383
1469751173097,-0.4482422,0.07763672,0.55200195
1469751173129,-0.5517578,1.1037598,0.5209961
1469751173164,-0.41186523,0.6870117,0.3112793
1469751173198,-0.3737793,0.6369629,0.4440918
1469751173245,-0.2944336,1.0678711,0.21264648
1469751173280,-0.27124023,0.86621094,-0.033691406
1469751173315,-0.28759766,0.9133301,-0.21655273
1469751173347,-0.30517578,1.1105957,-0.31445313
1469751173380,-0.34106445,1.0134277,-0.26513672
1469751173416,-0.37426758,0.9555664,-0.23242188
1469751173443,-0.3996582,1.0600586,-0.2211914
1469751173490,-0.44140625,1.0358887,-0.122558594
1469751173512,-0.3125,1.0593262,-0.30639648
1469751173537,-0.2841797,0.920166,-0.44750977
1469751173580,-0.3269043,0.86279297,0.20043945
1469751173597,-0.40551758,0.8017578,-0.095214844
1469751173634,-0.35888672,0.9030762,-0.29003906
1469751173678,-0.2758789,0.9238281,-0.30541992
1469751173704,-0.33276367,0.7668457,-0.3388672
1469751173728,-0.2709961,0.91918945,-0.28027344
1469751173763,-0.4375,1.1237793,-0.48901367
1469751173800,-0.28051758,0.72558594,-0.4033203
1469751173832,-0.17919922,1.189209,-0.1262207
1469751173859,-0.33691406,1.097168,-0.42773438
1469751173895,-0.2668457,1.1020508,-0.54052734
1469751173928,-0.08862305,0.86694336,-0.4248047
1469751173963,-0.21240234,0.9724121,-0.3696289
1469751173997,-0.25512695,0.86816406,-0.29223633
1469751174019,-0.08154297,0.88012695,-0.28442383
1469751174058,-0.15991211,0.84643555,-0.041015625
1469751174093,-0.203125,0.73095703,-0.5437012
1469751174109,-0.1459961,1.2241211,-0.42138672
1469751174160,-0.2319336,0.8684082,-0.5019531
1469751174178,-0.29785156,0.91308594,-0.2697754
1469751174215,-0.3317871,0.953125,-0.18823242
1469751174279,-0.2849121,1.0021973,-0.37426758
1469751174311,-0.30322266,0.72802734,-0.22241211
1469751174353,-0.48950195,0.7312012,-0.14648438
1469751174377,-0.2866211,1.1635742,-0.25170898
1469751174413,-0.2631836,1.0354004,-0.13110352
1469751174466,-0.3293457,0.9135742,0.033935547
1469751174493,-0.42700195,0.890625,0.045898438
1469751174528,-0.30029297,1.1513672,0.10205078
1469751174562,-0.4128418,0.97924805,0.3010254
1469751174602,-0.18359375,0.65234375,0.31054688
1469751174641,-0.37182617,0.66918945,0.0715332
1469751174673,-0.48583984,0.7409668,0.30566406
1469751174969,-0.50390625,0.9719238,0.37036133
1469751175025,-0.28393555,1.0041504,-0.2355957
1469751175057,-0.29882813,0.8144531,0.0026855469
1469751175091,-0.29370117,0.89038086,0.013916016
1469751175126,-0.3791504,0.9328613,-0.28076172
1469751175160,-0.3388672,0.8317871,-0.29516602
1469751175175,-0.3786621,0.89453125,-0.36645508
1469751175226,-0.3918457,0.9951172,-0.6591797
1469751175254,-0.32373047,0.9243164,-0.54052734
1469751175272,-0.40527344,0.93896484,-0.49121094
1469751175322,-0.34106445,0.82666016,-0.4362793
1469751175343,-0.36035156,0.72631836,-0.4169922
1469751175375,-0.3486328,0.7963867,-0.3334961
1469751175408,-0.33398438,0.90893555,-0.46557617
1469751175437,-0.37597656,0.78686523,-0.42285156
1469751175470,-0.36645508,0.78271484,-0.36694336
1469751175504,-0.35986328,0.9050293,-0.49780273
1469751175538,-0.31274414,0.6977539,-0.39379883
1469751175575,-0.32373047,0.89086914,-0.37841797
1469751175607,-0.37329102,0.9645996,-0.6530762
1469751175642,-0.5083008,0.7573242,-0.45336914
1469751175675,-0.17700195,1.3869629,-0.6347656
1469751175726,-0.2175293,1.0285645,-0.10449219
1469751175748,-0.4494629,0.97216797,-0.5109863
1469751175762,-0.3618164,0.9904785,-0.41918945
1469751175823,-0.25634766,0.8666992,-0.02368164
1469751175867,0.004638672,0.67578125,0.17797852
1469751175922,-0.16088867,0.98779297,-0.103759766
1469751175971,-0.28198242,1.0100098,-0.30419922
1469751175988,-0.40673828,0.82421875,-0.61279297
1469751176024,-0.4716797,0.8703613,-0.7709961
1469751176057,-0.48291016,0.8664551,-0.8129883
1469751176094,-0.32983398,0.72558594,-0.58081055
1469751176126,-0.34399414,0.9445801,-0.1850586
1469751176160,-0.36621094,0.9445801,-0.22729492
1469751176202,-0.3791504,0.94555664,-0.63623047
1469751176228,-0.28686523,0.7741699,-0.42749023
1469751176263,-0.2746582,0.75219727,-0.08984375
1469751176296,0.028564453,0.703125,0.38012695
1469751176339,-0.3413086,1.0759277,0.13867188
1469751176369,-0.35351563,0.8666992,-0.026855469
1469751176403,-0.28344727,0.86376953,0.22729492
1469751176437,-0.28320313,1.0546875,0.16967773
1469751176473,-0.29833984,0.9436035,-0.030517578
1469751176505,-0.42041016,1.145752,0.072509766
1469751176540,-0.30078125,0.98217773,-0.1081543
1469751176573,-0.26708984,0.85546875,-0.21069336
1469751176608,-0.3413086,0.8171387,-0.05883789
1469751176643,-0.4255371,0.95410156,-0.10229492
1469751176678,-0.23486328,0.92944336,-0.42529297
1469751176712,-0.3713379,1.0249023,-0.17626953
1469751176747,-0.27075195,1.0109863,9.765625E-4
1469751176788,-0.5024414,0.7392578,0.3125
1469751176819,-0.32373047,1.088623,0.05859375
1469751176894,-0.26953125,0.9152832,0.38671875
1469751176922,-0.18554688,1.3508301,0.4267578
1469751176952,-0.18066406,0.9411621,0.5708008
1469751176983,-0.3684082,0.9482422,0.63378906
1469751177024,-0.50512695,0.5756836,0.6940918
1469751177060,-0.30737305,1.0673828,0.5270996
1469751177100,-0.4338379,0.06567383,0.99975586
1469751177133,-0.38793945,0.7895508,0.8586426
1469751177149,-0.564209,-0.1508789,1.1420898
1469751177185,-0.39135742,-0.02709961,0.43847656
1469751177202,-0.5058594,0.84887695,1.0541992
1469751177246,-0.53930664,0.22827148,1.0822754
1469751177283,-0.44311523,-0.034423828,0.7438965
1469751177303,-0.59155273,0.19335938,0.84033203
1469751177352,-0.5852051,0.30639648,0.57543945
1469751177368,-0.48828125,0.22094727,0.6303711
1469751177401,-0.45336914,0.19897461,0.50390625
1469751177445,-0.38549805,0.7224121,0.21582031
1469751177463,-0.3293457,0.96484375,0.21118164
1469751177497,-0.29882813,1.0622559,0.12109375
1469751177558,-0.3046875,1.0595703,0.18798828
1469751177564,-0.26708984,1.2841797,0.076171875
1469751177599,-0.45239258,1.4570313,-0.01977539
1469751177628,-0.08862305,1.0090332,-0.42700195
1469751177664,-0.19995117,0.9511719,-0.41577148
1469751177699,-0.34545898,0.85498047,-0.23828125
1469751177730,-0.3791504,0.59033203,-0.3737793
1469751177765,-0.39135742,0.74121094,-0.52734375
1469751177799,-0.32788086,1.0319824,-0.57373047
1469751177835,-0.35131836,0.8635254,-0.58251953
1469751177868,-0.3076172,0.9099121,-0.6184082
1469751177879,-0.33520508,0.8540039,-0.6254883
1469751178195,-0.31176758,0.8354492,-0.3173828
1469751178251,-0.33447266,0.92285156,-0.35668945
1469751178285,-0.26538086,0.9589844,-0.45410156
1469751178575,-0.3310547,1.0029297,-0.38476563
1469751178665,-0.3840332,0.51831055,0.59106445
1469751178692,-0.37231445,0.52856445,0.7277832
1469751178728,-0.34643555,0.18041992,0.7619629
1469751178759,-0.31298828,0.20092773,0.78271484
1469751178794,-0.2763672,0.33154297,0.9147949
1469751178836,-0.27685547,0.09692383,0.9387207
1469751178861,-0.25341797,0.42407227,0.55493164
1469751178890,-0.33569336,0.12670898,1.1247559
1469751178955,-0.34228516,0.43237305,1.0314941
1469751178993,-0.26708984,0.15429688,0.86499023
1469751179010,-0.22460938,0.3449707,0.6218262
1469751179041,-0.33398438,0.83862305,0.7844238
1469751179091,-0.17919922,0.1472168,0.76000977
1469751179107,-0.32226563,0.17749023,0.8234863
1469751179142,-0.38549805,0.5788574,0.7097168
1469751179176,-0.29467773,0.5083008,0.63623047
1469751179209,-0.33618164,0.5629883,0.7023926
1469751179245,-0.3383789,0.6022949,0.6948242
1469751179273,-0.30371094,0.67944336,0.5969238
1469751179307,-0.25097656,0.60498047,0.58081055
1469751179345,-0.28833008,0.8222656,0.4736328
1469751179374,-0.2355957,1.0192871,0.48217773
1469751179409,-0.27612305,0.8417969,0.42138672
1469751179444,-0.3708496,0.9941406,0.41503906
1469751179472,-0.3190918,0.90063477,0.21557617
1469751179505,-0.29785156,1.0019531,0.055908203
1469751179535,-0.28344727,0.88012695,-0.08251953
1469751179575,-0.24951172,0.9885254,-0.43774414
1469751179605,-0.34423828,0.9772949,-0.28393555
1469751179640,-0.30566406,0.8979492,-0.32958984
1469751179675,-0.33081055,0.9223633,-0.40551758
1469751179708,-0.33544922,0.95751953,-0.5144043
1469751179743,-0.35375977,0.9880371,-0.52685547
1469751179759,-0.3449707,0.89160156,-0.41503906
1469751179791,-0.31054688,0.85424805,-0.4777832
1469751179820,-0.2084961,0.90063477,-0.5227051
1469751179857,-0.34057617,0.7729492,-0.34814453
1469751179887,-0.34545898,0.72875977,-0.17797852
1469751179922,-0.34887695,0.76342773,-0.30664063
1469751179957,-0.34033203,0.94091797,-0.39404297
1469751179989,-0.19116211,0.8708496,-0.4326172
1469751180026,-0.2475586,0.8918457,-0.6970215
1469751180058,-0.31982422,0.8977051,-0.3869629
1469751180092,-0.18823242,0.9736328,-0.39404297
1469751180103,-0.21557617,0.54833984,-0.2319336
1469751180163,-0.30444336,1.0224609,-0.37329102
1469751180180,-0.2265625,0.99243164,-0.49145508
1469751180207,-0.31884766,0.94189453,-0.41870117
1469751180271,-0.13452148,0.7038574,-0.39868164
1469751180307,-0.25512695,0.8457031,-0.40039063
1469751180338,-0.17651367,0.8730469,-0.46020508
1469751180370,-0.001953125,1.0991211,-0.45996094
1469751180408,-0.13183594,0.9650879,-0.27954102
1469751180433,-0.23022461,0.84106445,-0.16357422
1469751180469,-0.26831055,0.92407227,-0.38232422
1469751180507,-0.27148438,0.87353516,-0.27148438
1469751180546,-0.24023438,0.8430176,-0.34106445
1469751180573,-0.31323242,1.0476074,-0.2619629
1469751180588,-0.26513672,0.92089844,-0.29614258
1469751180636,-0.20336914,0.7307129,-0.28686523
1469751180684,-0.20947266,0.98999023,-0.25952148
1469751180719,-0.23632813,0.92456055,-0.171875
1469751180753,-0.2133789,0.87939453,-0.18945313
1469751180792,-0.3449707,0.9736328,-0.14868164
1469751180824,-0.36987305,1.2207031,-0.07397461
1469751180849,-0.2734375,0.8483887,-0.31469727
1469751180883,-0.31079102,0.6882324,0.5900879
1469751180916,-0.16967773,0.8178711,0.8173828
1469751180952,-0.33007813,0.9086914,0.41235352
1469751180995,-0.38989258,1.0407715,-0.16015625
1469751181014,-0.3540039,1.0412598,0.09399414
1469751181048,-0.29052734,0.96875,0.34643555
1469751181083,-0.25585938,0.8833008,0.26220703
1469751181117,-0.27319336,1.092041,0.3269043
1469751181133,-0.26831055,0.9863281,0.39892578
1469751181169,-0.08300781,0.8039551,0.25756836
1469751181202,-0.19213867,1.0378418,0.30566406
1469751181230,-0.36767578,1.1984863,0.35473633
1469751181274,-0.2055664,0.54296875,0.7919922
1469751181299,-0.4489746,0.59155273,0.24926758
1469751181588,-0.3935547,0.5397949,0.42211914
1469751181656,-0.3034668,0.70336914,0.53027344
1469751181974,-0.3684082,0.7297363,0.4741211
1469751182045,-0.20654297,1.1601563,0.06689453
1469751182078,-0.3137207,1.0166016,0.041992188
1469751182158,-0.24584961,0.9301758,-0.1772461
1469751182180,-0.24658203,0.9938965,-0.23803711
1469751182208,-0.29125977,0.92822266,-0.16113281
1469751182241,-0.29736328,0.94262695,-0.234375
1469751182278,-0.28173828,0.97021484,-0.40429688
1469751182314,-0.3828125,0.9941406,-0.2841797
1469751182347,-0.44433594,0.8959961,-0.10986328
1469751182379,-0.4248047,0.9248047,-0.45288086
1469751182425,-0.30908203,0.91137695,-0.34350586
1469751182461,-0.31347656,0.8132324,-0.3239746
1469751182496,-0.46020508,0.75341797,-0.103271484
1469751182529,-0.39086914,0.89086914,-0.16479492
1469751182562,-0.33862305,0.9638672,-0.3857422
1469751182597,-0.36523438,0.7583008,-0.34106445
1469751182627,-0.3684082,0.92993164,-0.3449707
1469751182659,-0.2475586,1.0476074,-0.4650879
1469751182693,-0.32983398,0.7944336,-0.4543457
1469751182714,-0.2006836,0.8083496,-0.21655273
1469751182762,-0.28564453,0.9682617,-0.5234375
1469751182778,-0.19921875,0.9470215,-0.33129883
1469751182808,-0.30200195,1.0368652,-0.421875
1469751182858,-0.015136719,0.9506836,-0.27539063
1469751182875,-0.16357422,0.6586914,0.14160156
1469751182914,-0.15039063,0.90112305,-0.21948242
1469751182953,-0.30493164,1.0004883,-0.35498047
1469751182978,-0.22167969,0.7915039,-0.47485352
1469751183007,-0.3466797,0.9621582,-0.8388672
1469751183040,-0.48095703,0.9042969,-0.80493164
1469751183075,-0.20483398,0.84765625,-0.49438477
1469751183118,-0.234375,0.85302734,-0.2980957
1469751183143,-0.03491211,0.71240234,0.6347656
1469751183178,-0.36401367,1.1767578,-0.06542969
1469751183194,-0.025146484,0.7285156,-0.50512695
1469751183239,-0.21289063,0.8300781,-0.63500977
1469751183276,-0.5253906,1.2668457,-0.93652344
1469751183293,-0.47607422,0.9941406,-0.1538086
1469751183342,-0.484375,1.1262207,-0.49145508
1469751183360,-0.024414063,0.92333984,-0.080566406
1469751183403,0.3466797,0.4086914,0.6623535
1469751183444,-0.51000977,1.1027832,0.16552734
1469751183457,-0.22509766,0.8535156,-0.2980957
1469751183492,-0.38793945,1.1152344,-0.50683594
1469751183524,-0.8251953,0.90234375,-0.6706543
1469751183558,-0.26757813,0.77490234,-0.35742188
1469751183594,-0.4892578,0.93774414,-0.5559082
1469751183621,-0.03564453,0.7019043,0.029296875
1469751183663,0.087646484,0.6657715,0.71191406
1469751183699,-0.33740234,1.0471191,0.030761719
1469751183732,-0.10986328,0.7233887,-0.08251953
1469751183774,-0.54589844,0.7783203,-0.036865234
1469751183836,-0.4753418,1.0454102,-0.8071289
1469751183877,-0.31396484,0.9655762,-0.5202637
1469751183942,-0.21044922,0.87939453,-0.28515625
1469751183979,-0.23413086,0.97143555,-0.22949219
1469751184019,-0.29858398,1.0144043,-0.27539063
1469751184048,-0.36499023,1.1398926,-0.41845703
1469751184079,-0.3779297,1.1450195,-0.30664063
1469751184114,-0.27075195,0.99243164,-0.3713379
1469751184147,-0.25317383,0.9567871,-0.4855957
1469751184182,-0.3203125,0.8647461,-0.28588867
1469751184215,-0.36376953,0.6347656,-0.038330078
1469751184250,-0.23095703,0.93066406,-0.35498047
1469751184287,-0.2866211,0.9729004,-0.44750977
1469751184319,-0.109375,0.6152344,-0.23242188
1469751184363,-0.22485352,1.045166,-0.31445313
1469751184401,-0.07543945,1.0187988,-0.4020996
1469751184435,-0.014160156,0.91748047,-0.39135742
1469751184471,-0.16577148,0.86083984,-0.3869629
1469751184503,-0.18920898,0.8371582,-0.28149414
1469751184530,-0.27270508,0.83325195,-0.35229492
1469751184566,-0.23120117,0.6984863,-0.4362793
1469751184599,-0.36010742,0.80566406,-0.7072754
1469751184633,-0.28979492,0.80981445,-0.73583984
1469751184955,-0.18579102,0.95874023,-0.6142578
1469751185016,-0.2553711,0.9501953,-0.20410156
1469751185050,-0.25219727,0.93847656,-0.359375
1469751185346,-0.2397461,0.97558594,-0.4243164
1469751185434,-0.19726563,0.73339844,-0.28686523
1469751185468,-0.2175293,0.7780762,-0.2788086
1469751185489,-0.26831055,0.8815918,-0.390625
1469751185516,-0.32739258,0.8955078,-0.4038086
1469751185550,-0.21240234,0.9433594,-0.50097656
1469751185589,-0.2709961,1.0686035,-0.5266113
1469751185614,-0.25830078,0.9279785,-0.41479492
1469751185651,-0.28173828,1.0249023,-0.62060547
1469751185682,-0.35668945,1.0507813,-0.48999023
1469751185717,-0.2956543,0.95092773,-0.34204102
1469751185752,-0.24169922,0.91381836,-0.3774414
1469751185787,-0.23217773,0.81591797,-0.45922852
1469751185814,-0.22094727,0.7246094,-0.24169922
1469751185847,-0.44873047,0.9460449,-0.21264648
1469751185891,-0.35595703,0.8220215,-0.4189453
1469751185923,-0.0847168,0.95874023,-0.31445313
1469751185970,-0.31835938,0.7270508,-0.34033203
1469751186008,0.07763672,1.088623,-0.40893555
1469751186065,-0.25878906,1.0212402,-0.31518555
1469751186098,-0.16699219,1.0693359,-0.59814453
1469751186130,-0.0068359375,0.97021484,-0.41796875
1469751186165,-0.11743164,0.75219727,-0.21972656
1469751186203,-0.14990234,0.8479004,-0.2915039
1469751186236,-0.10180664,1.0744629,-0.26708984
1469751186269,-0.14379883,0.6821289,-0.2993164
1469751186302,-0.08251953,0.92626953,-0.33496094
1469751186343,-0.27490234,1.0490723,-0.29467773
1469751186370,-0.3244629,0.90600586,-0.28295898
1469751186386,-0.19555664,0.86035156,-0.47436523
1469751186439,-0.022949219,1.0388184,-0.328125
1469751186489,-0.1743164,0.8071289,-0.15429688
1469751186546,-0.48291016,0.75341797,-0.12866211
1469751186582,-0.37939453,0.9147949,-0.30639648
1469751186630,-0.33789063,1.0380859,-0.25195313
1469751186643,-0.3088379,0.96069336,-0.1730957
1469751186679,-0.29223633,1.0778809,-0.111572266
1469751186715,-0.2705078,1.0153809,-0.09838867
1469751186748,-0.35180664,1.1154785,-0.022216797
1469751186781,-0.40673828,1.0646973,-0.07519531
1469751186817,-0.35791016,1.0175781,-0.12792969
1469751186843,-0.3017578,0.9560547,-0.19213867
1469751186878,-0.29711914,0.8876953,-0.1459961
1469751186910,-0.29614258,0.82006836,-0.1081543
1469751186945,-0.31958008,0.82788086,-0.14672852
1469751186963,-0.34692383,0.7019043,-0.23999023
1469751187008,-0.3293457,0.9189453,-0.33251953
1469751187042,-0.30688477,0.8486328,-0.54003906
1469751187059,-0.33007813,1.0932617,-0.36157227
1469751187115,-0.3161621,0.9482422,-0.42285156
1469751187133,-0.31274414,0.9602051,-0.5632324
1469751187169,-0.35888672,1.0373535,-0.5522461
1469751187206,-0.27441406,0.9562988,-0.60253906
1469751187243,-0.28637695,0.85839844,-0.45263672
1469751187274,-0.25463867,0.78271484,-0.3515625
1469751187309,-0.29638672,0.611084,-0.3137207
1469751187330,-0.22094727,0.8847656,-0.17895508
1469751187362,-0.31835938,0.8647461,-0.3762207
1469751187391,-0.30029297,0.9909668,-0.53100586
1469751187423,-0.09472656,0.96533203,-0.39868164
1469751187459,-0.049560547,0.70581055,-0.37475586
1469751187497,-0.1706543,1.0466309,-0.38354492
1469751187525,-0.23291016,0.9633789,-0.40942383
1469751187557,-0.15917969,0.94628906,-0.33862305
1469751187590,-0.114746094,0.59033203,-0.21948242
1469751187624,-0.14624023,0.888916,-0.3413086
1469751187661,-0.2121582,1.0131836,-0.2277832
1469751187693,-0.07421875,0.9638672,-0.47729492
1469751187728,-0.11206055,0.82958984,-0.5070801
1469751187764,-0.3017578,0.82055664,-0.09326172
1469751187776,-0.19433594,0.8273926,-0.35595703
1469751187804,-0.16723633,0.8342285,-0.37548828
1469751187839,-0.38354492,1.0158691,-0.16259766
1469751187873,-0.17626953,0.88720703,-0.3251953
1469751187908,-0.23217773,0.7480469,-0.23413086
1469751187943,-0.16577148,1.0126953,-0.21411133
1469751187975,-0.22216797,0.7023926,-0.19091797
1469751188006,-0.15161133,1.3928223,0.19042969
1469751188039,-0.26293945,0.7570801,-0.125
1469751188077,-0.44311523,0.71850586,0.15893555
1469751188108,-0.43017578,1.0732422,-0.095703125
1469751188155,-0.43969727,0.9663086,0.026855469
1469751188177,-0.38891602,0.95410156,0.3059082
1469751188477,-0.36035156,1.0385742,0.22729492
1469751188560,-0.1665039,0.97631836,0.31762695
1469751188584,-0.29614258,0.69750977,0.5053711
1469751188617,-0.34057617,0.6491699,0.54833984
1469751188662,-0.3383789,0.93603516,0.6394043
1469751188686,-0.46166992,0.5888672,1.0915527
1469751188705,-0.26904297,0.68774414,0.66503906
1469751188762,-0.42041016,0.89038086,0.67333984
1469751188772,-0.28149414,0.4729004,0.90527344
1469751188800,-0.28320313,0.3330078,0.78222656
1469751188853,-0.35302734,0.3815918,1.1462402
1469751188871,-0.296875,0.1459961,0.6984863
1469751188907,-0.42944336,0.7714844,0.84106445
1469751188949,-0.29003906,0.28100586,0.72265625
1469751188975,-0.28857422,0.52246094,0.4897461
1469751189002,-0.29882813,0.9980469,0.31835938
1469751189037,-0.26831055,1.1132813,0.17700195
1469751189071,-0.22363281,1.1015625,0.09790039
1469751189103,-0.23486328,0.90185547,-0.04638672
1469751189138,-0.26171875,0.8811035,-0.18725586
1469751189173,-0.31298828,0.8972168,-0.27172852
1469751189199,-0.3088379,0.8967285,-0.34838867
1469751189233,-0.26904297,0.92285156,-0.57299805
1469751189266,-0.2734375,0.89208984,-0.54785156
1469751189286,-0.29248047,0.95996094,-0.47729492
1469751189319,-0.2758789,0.9663086,-0.5419922
1469751189352,-0.24438477,0.8400879,-0.5227051
1469751189390,-0.31811523,0.8461914,-0.5751953
1469751189416,-0.27490234,0.77124023,-0.63623047
1469751189449,-0.15600586,0.7758789,-0.5749512
1469751189484,-0.2619629,0.88720703,-0.44311523
1469751189518,-0.40405273,0.7348633,-0.35058594
1469751189552,-0.35205078,0.79467773,-0.50878906
1469751189583,-0.3557129,0.9477539,-0.5407715
1469751189614,-0.32983398,0.7714844,-0.44482422
1469751189649,-0.30932617,0.72216797,-0.4633789
1469751189687,-0.32958984,1.0285645,-0.84716797
1469751189717,-0.10107422,1.137207,-0.5593262
1469751189751,-0.3425293,0.5786133,-0.30273438
1469751189769,-0.25952148,1.0202637,-0.515625
1469751189817,-0.091552734,0.87353516,-0.5515137
1469751189842,-0.09765625,0.92871094,-0.42993164
1469751189881,-0.19116211,0.71435547,-0.095703125
1469751189900,-0.18554688,0.89819336,-0.20141602
1469751189935,-0.037841797,1.0,-0.27539063
1469751189967,-0.075927734,0.80615234,-0.18286133
1469751190014,-0.107666016,0.9941406,-0.25219727
1469751190049,-0.17773438,0.94311523,-0.4008789
1469751190084,-0.3251953,0.7922363,-0.57666016
1469751190101,-0.115234375,0.79785156,-0.62524414
1469751190133,-0.30981445,0.9055176,-0.46069336
1469751190170,-0.48779297,1.0068359,-0.21533203
1469751190195,-0.24633789,0.9909668,-0.1928711
1469751190230,-0.31274414,0.96435547,-0.05029297
1469751190248,-0.2709961,0.56274414,-0.30981445
1469751190299,-0.26342773,1.2028809,-0.21728516
1469751190318,-0.2944336,1.0319824,-0.20898438
1469751190349,-0.29516602,0.9265137,-0.31982422
1469751190394,-0.39282227,1.3417969,-0.41870117
1469751190431,-0.38452148,0.7429199,0.08984375
1469751190470,-0.21240234,0.87841797,0.27612305
1469751190496,-0.23901367,0.89404297,0.17114258
1469751190515,-0.1352539,0.79785156,0.10131836
1469751190550,-0.1809082,1.0217285,-0.018310547
1469751190578,-0.30322266,0.9152832,-0.09741211
1469751190611,-0.27661133,0.94921875,-0.13232422
1469751190645,-0.24853516,0.8088379,-0.24829102
1469751190679,-0.18847656,0.88427734,-0.34985352
1469751190714,-0.19311523,0.8198242,-0.41088867
1469751190730,-0.17089844,0.9916992,-0.47558594
1469751190777,-0.22583008,0.95947266,-0.22631836
1469751190810,-0.34960938,0.96533203,0.087646484
1469751190828,-0.35986328,0.9851074,0.05834961
1469751190878,-0.2836914,0.8635254,-0.25927734
1469751190920,-0.3161621,1.1518555,-0.28173828
1469751190963,-0.19262695,0.83862305,-0.13305664
1469751190997,-0.2434082,1.019043,-0.19482422
1469751191028,-0.32373047,1.3771973,-0.09399414
1469751191060,-0.30273438,0.79174805,0.010986328
1469751191094,-0.31469727,0.83935547,0.009033203
1469751191129,-0.41748047,0.8486328,0.21142578
1469751191424,-0.15039063,1.2800293,0.33544922
1469751191475,-0.28198242,1.0273438,0.60668945
1469751191515,-0.14575195,0.024169922,0.6845703
1469751191806,-0.35742188,0.3383789,0.7973633
1469751191892,-0.296875,1.0512695,-0.2607422
1469751191961,-0.38183594,0.9560547,-0.34570313
1469751191997,-0.36401367,0.9458008,-0.39624023
1469751192039,-0.3034668,0.8786621,-0.5148926
1469751192060,-0.31762695,0.8901367,-0.4741211
1469751192109,-0.29882813,0.9057617,-0.34033203
1469751192132,-0.29785156,0.8876953,-0.31445313
1469751192173,-0.32592773,0.8388672,-0.5046387
1469751192201,-0.29785156,0.91308594,-0.6477051
1469751192235,-0.10522461,0.8601074,-0.7307129
1469751192269,-0.21484375,0.8342285,-0.32885742
1469751192305,-0.3581543,0.92578125,-0.07788086
1469751192338,-0.1652832,0.8469238,-0.46484375
1469751192370,-0.3076172,0.97875977,-0.54833984
1469751192408,-0.34472656,1.0239258,-0.6611328
1469751192420,-0.02734375,1.0690918,-0.49731445
1469751192456,-0.19897461,0.7895508,-0.25268555
1469751192475,-0.1821289,0.96313477,-0.38256836
1469751192524,0.016113281,0.7561035,-0.47436523
1469751192544,0.047607422,0.8601074,-0.12988281
1469751192580,-0.032958984,0.748291,-0.016845703
1469751192621,-0.17675781,1.119873,-0.38891602
1469751192648,-0.18774414,0.82299805,-0.4296875
1469751192682,-0.30029297,0.7043457,-0.68408203
1469751192717,-0.49853516,1.15625,-1.045166
1469751192750,-0.3486328,0.7963867,-0.6489258
1469751192787,-0.3076172,0.9091797,-0.4428711
1469751192820,-0.2265625,1.0249023,-0.43237305
1469751192854,-0.10522461,0.60131836,0.7248535
1469751192883,0.083984375,0.7976074,0.76342773
1469751192904,-0.18945313,1.0998535,-0.21972656
1469751192938,-0.087646484,0.94433594,-0.50341797
1469751192969,-0.40576172,0.93725586,-0.43920898
1469751193002,-0.84594727,1.2011719,-1.0678711
1469751193042,-0.19995117,0.9250488,-0.45947266
1469751193061,-0.43676758,0.9465332,-0.33007813
1469751193104,0.010986328,0.68774414,0.28222656
1469751193132,0.24560547,0.66967773,0.59033203
1469751193168,-0.59936523,1.170166,0.17773438
1469751193200,-0.083984375,0.83081055,-0.47558594
1469751193237,-0.35131836,1.1223145,-0.65893555
1469751193269,-0.951416,1.3466797,-0.5969238
1469751193286,-0.20239258,1.079834,-0.3166504
1469751193321,-0.43652344,0.94384766,-0.39208984
1469751193360,-0.14233398,0.85791016,-0.33325195
1469751193383,0.2758789,0.56396484,0.81396484
1469751193418,-0.31567383,1.098877,0.24023438
1469751193452,-0.004638672,0.8498535,-0.26245117
1469751193489,-0.5148926,1.0258789,-0.3713379
1469751193519,-0.8937988,1.5737305,-0.93066406
1469751193540,-0.31103516,1.1345215,-0.38085938
1469751193582,-0.34228516,0.93530273,-0.3388672
1469751193624,-0.18969727,0.7277832,-0.27246094
1469751193644,-0.020996094,0.44873047,0.35302734
1469751193684,-0.115234375,1.0119629,0.30541992
1469751193702,-0.19873047,1.036377,0.125
1469751193737,-0.2866211,0.8137207,-0.08129883
1469751193782,-0.6477051,1.0402832,-0.5148926
1469751193798,-0.5944824,1.1708984,-1.1159668
1469751193834,-0.41577148,1.170166,-0.8671875
1469751193867,-0.25610352,0.6765137,-0.72802734
1469751193904,-0.3173828,0.8869629,-0.6296387
1469751193936,-0.17871094,0.8154297,0.17163086
1469751193963,0.28637695,0.87109375,0.5385742
1469751193998,0.2043457,0.93774414,0.1628418
1469751194032,-0.22631836,1.1149902,0.01586914
1469751194067,-0.46972656,0.94433594,-0.7060547
1469751194108,-0.6936035,1.0651855,-1.2575684
1469751194125,-0.4086914,0.94970703,-1.0119629
1469751194151,-0.43530273,0.8532715,-0.3623047
1469751194217,0.14331055,0.40844727,1.4567871
1469751194248,-0.34521484,0.7084961,0.39501953
1469751194282,-0.0056152344,0.9304199,-0.15991211
1469751194320,-0.32470703,1.1118164,-0.5332031
1469751194350,-1.09375,1.2355957,-1.1796875
1469751194385,-0.111816406,0.7441406,-0.15795898
1469751194421,-0.33740234,0.94873047,-0.20166016
1469751194454,-0.045410156,0.97436523,0.11254883
1469751194496,0.23510742,0.32641602,1.2741699
1469751194524,-0.3564453,0.8898926,0.37646484
1469751194558,-0.0859375,1.1313477,0.020263672
1469751194881,-0.9313965,1.3225098,-0.8261719
1469751195234,0.020996094,0.48217773,0.8100586
1469751195316,-0.13696289,0.7976074,-0.061279297
1469751195346,-0.4560547,1.255127,-0.6687012
1469751195374,-0.8508301,1.2128906,-0.9621582
1469751195413,-0.44970703,1.0825195,0.0012207031
1469751195443,-0.33618164,0.9350586,-0.39941406
1469751195479,-0.15551758,0.7390137,0.32617188
1469751195513,-0.08276367,0.80078125,0.7426758
1469751195545,-0.2331543,0.9333496,0.21069336
1469751195575,-0.18041992,0.86083984,-0.15307617
1469751195608,-0.8232422,1.4892578,-0.60961914
1469751195643,-0.44921875,1.1828613,-1.0510254
1469751195664,-0.63842773,0.95410156,-0.043701172
1469751195712,-0.08862305,0.7126465,-0.18896484
1469751195731,0.099853516,0.47436523,0.93237305
1469751195762,-0.43432617,1.0229492,0.7194824
1469751195808,-0.1586914,0.7675781,-0.0029296875
1469751195832,-0.23144531,0.92089844,-0.31713867
1469751195864,-0.60058594,1.1943359,-0.28588867
1469751195893,-0.5905762,1.0812988,-0.5612793
1469751195934,-0.13989258,0.77734375,-0.07885742
1469751195961,-0.27246094,0.86376953,0.1459961
1469751195989,-0.2919922,0.83984375,0.020019531
1469751196034,-0.2824707,0.84472656,-0.14916992
1469751196071,-0.2631836,0.9555664,-0.24365234
1469751196092,-0.3413086,0.8508301,-0.20581055
1469751196150,-0.14233398,0.9370117,-0.43603516
1469751196203,-0.17382813,1.166748,-0.24072266
1469751196224,-0.203125,1.1730957,-0.25805664
1469751196244,-0.15112305,1.0053711,-0.31298828
1469751196293,-0.28173828,1.1030273,-0.6179199
1469751196308,-0.19384766,0.8886719,-0.6374512
1469751196343,-0.09863281,1.0373535,-0.5107422
1469751196388,-0.15454102,0.8857422,-0.45898438
1469751196405,-0.18457031,0.9260254,-0.4868164
1469751196442,-0.19140625,0.9411621,-0.43896484
1469751196484,-0.3395996,0.73535156,-0.05908203
1469751196507,-0.3720703,0.73291016,0.030761719
1469751196541,-0.34985352,1.0488281,0.09375
1469751196570,-0.32177734,0.79541016,0.26782227
1469751196605,-0.28295898,0.89160156,0.25634766
1469751196639,-0.5710449,0.4885254,0.6484375
1469751196673,-0.31420898,0.7595215,0.75756836
1469751196706,-0.22827148,0.56640625,0.87280273
1469751196743,-0.40527344,1.1418457,0.6723633
1469751196777,-0.083740234,0.7121582,0.5114746
1469751196825,-0.056396484,0.8754883,0.6750488
1469751196880,-0.032226563,0.048339844,1.0922852
1469751196889,-0.12036133,0.1496582,0.81689453
1469751196923,-0.16845703,0.26635742,0.704834
1469751196988,-0.29125977,0.6047363,0.11791992
1469751197020,-0.24609375,0.90527344,0.052246094
1469751197056,-0.25170898,1.6130371,0.17382813
1469751197090,-0.17895508,0.74560547,0.0017089844
1469751197123,-0.23461914,0.9470215,-0.52368164
1469751197156,-0.28149414,0.78027344,-0.54467773
1469751197211,-0.26635742,1.1022949,-0.5227051
1469751197226,-0.26879883,1.2028809,-0.43701172
1469751197262,-0.10839844,1.0317383,-0.55688477
1469751197294,-0.21484375,0.7421875,-0.47998047
1469751197304,-0.25048828,0.9082031,-0.27612305
1469751197365,-0.1550293,1.1540527,0.051757813
1469751197403,-0.58496094,1.0605469,-0.024658203
1469751197514,-0.19628906,0.21166992,0.33789063
1469751197522,-0.30615234,0.78759766,0.19677734
1469751197537,-0.50390625,0.9169922,0.29882813
1469751197569,-0.27075195,0.83618164,0.27734375
1469751197606,-0.20874023,1.0039063,-0.06518555
1469751197638,-0.26538086,0.9873047,-0.1616211
1469751197675,-0.21704102,1.0239258,-0.2097168
1469751197703,-0.1899414,0.9641113,-0.25976563
1469751197740,-0.20654297,1.0014648,-0.3408203
1469751197774,-0.19677734,0.95092773,-0.30859375
1469751197800,-0.23876953,0.9145508,-0.13647461
1469751197842,-0.25073242,1.005127,-0.3984375
1469751197876,-0.17578125,0.88720703,-0.3137207
1469751197885,-0.24780273,0.9277344,-0.30517578
1469751197935,-0.28466797,0.94677734,-0.41601563
1469751197964,-0.23242188,0.87597656,-0.4326172
1469751197983,-0.26049805,0.96118164,-0.64819336
1469751198306,-0.25732422,0.828125,-0.57543945
1469751198382,-0.22680664,0.94677734,-0.2602539
1469751198413,-0.037597656,0.91430664,-0.26342773
1469751198456,-0.01953125,0.71655273,-0.27539063
1469751198520,-0.19042969,0.91674805,-0.24536133
1469751198547,-0.26245117,0.85009766,-0.7922363
1469751198583,-0.6413574,1.1555176,-0.6726074
1469751198615,-0.14624023,0.7819824,-0.48242188
1469751198650,-0.22558594,0.89941406,-0.39770508
1469751198684,-0.25805664,0.70043945,-0.35986328
1469751198720,-0.02319336,0.9460449,0.23730469
1469751198768,-0.25830078,1.0913086,-0.068115234
1469751198795,0.045410156,0.704834,-0.33276367
1469751198831,-0.33764648,0.9145508,-0.24072266
1469751198864,-0.5258789,1.0646973,-0.22290039
1469751198899,-0.4580078,0.9748535,-0.36865234
1469751198934,-0.36547852,0.8972168,-0.35205078
1469751198969,-0.29516602,0.83984375,-0.34545898
1469751199002,-0.23217773,0.8881836,-0.21557617
1469751199048,-0.26660156,0.8972168,-0.36376953
1469751199080,-0.24731445,0.8688965,-0.35009766
1469751199116,-0.16577148,1.0629883,-0.32983398
1469751199144,-0.12841797,1.0427246,-0.32495117
1469751199177,-0.18408203,1.2670898,-0.125
1469751199212,-0.25317383,1.1328125,-0.25878906
1469751199245,-0.21850586,0.92822266,-0.50878906
1469751199279,-0.34960938,0.7607422,-0.5986328
1469751199314,-0.13745117,0.8486328,-0.28710938
1469751199343,-0.17504883,1.0554199,-0.48486328
1469751199377,-0.23413086,0.63012695,-0.46655273
1469751199419,-0.4074707,0.9301758,-0.45996094
1469751199448,-0.26586914,1.0910645,-0.17333984
1469751199480,-0.21142578,0.8503418,-0.4182129
1469751199501,-0.31054688,1.2404785,0.06933594
1469751199534,-0.43530273,1.4216309,0.32910156
1469751199576,-0.51000977,0.38745117,0.041259766
1469751199594,-0.25976563,1.0895996,0.29882813
1469751199626,-0.5019531,0.57543945,0.39501953
1469751199660,-0.29174805,0.7558594,0.6142578
1469751199755,-0.3076172,0.7126465,0.56884766
1469751199780,-0.24145508,0.9797363,0.50097656
1469751199806,-0.22290039,0.69873047,0.23120117
1469751199843,-0.21826172,0.8208008,0.1586914
1469751199879,-0.24121094,1.0085449,0.10449219
1469751199920,-0.22827148,0.8466797,0.0126953125
1469751199958,-0.2614746,0.94311523,-0.11450195
1469751199990,-0.28637695,0.77685547,-0.2536621
1469751200018,-0.38134766,1.0605469,-0.26733398
1469751200089,-0.27856445,0.9284668,-0.36865234
1469751200122,-0.29907227,0.80371094,-0.46118164
1469751200162,-0.32763672,1.0114746,-0.6381836
1469751200190,-0.20996094,0.99487305,-0.6447754
1469751200226,-0.13964844,1.0014648,-0.5407715
1469751200259,-0.15917969,0.9523926,-0.4543457
1469751200293,-0.30688477,0.9140625,-0.29882813
1469751200348,-0.32495117,0.8430176,-0.33544922
1469751200374,-0.2915039,1.1179199,-0.7319336
1469751200407,-0.53930664,0.7546387,-0.71777344
1469751200440,-0.06713867,0.873291,-0.2932129
1469751200479,-0.049072266,0.89086914,-0.1274414
1469751200509,-0.22949219,0.8586426,-0.42285156
1469751200541,-0.20922852,0.9765625,-0.4404297
1469751200573,-0.05517578,0.9301758,-0.34228516
1469751200608,-0.05053711,0.9650879,-0.4711914
1469751200641,-0.3244629,0.9086914,-0.36547852
1469751200656,-0.0703125,0.9448242,-0.35717773
1469751200696,-0.07080078,0.93969727,-0.3359375
1469751200726,-0.051513672,0.74438477,-0.3935547
1469751200754,-0.092285156,0.9560547,-0.42041016
1469751200790,-0.21826172,0.8930664,-0.31567383
1469751200821,-0.32128906,1.3789063,-0.37060547
1469751200856,-0.27026367,0.8100586,-0.33666992
1469751200892,-0.23120117,0.82592773,-0.37304688
1469751200924,-0.27124023,0.92089844,-0.31030273
1469751200953,-0.20727539,0.96191406,-0.22558594
1469751200986,-0.2355957,0.94262695,-0.20019531
1469751201025,-0.20678711,0.9099121,-0.2421875
1469751201055,-0.24902344,1.0964355,-0.21972656
1469751201074,-0.27368164,1.2277832,-0.20507813
1469751201383,-0.1484375,0.9020996,-0.014404297
1469751201440,-0.38085938,0.34179688,0.7453613
1469751201472,-0.29638672,0.37890625,0.54003906
1469751201767,-0.22631836,0.36645508,0.736084
1469751201826,-0.27490234,0.97143555,-0.44921875
1469751201865,-0.32470703,0.9526367,-0.40112305
1469751201897,-0.31591797,0.8161621,-0.4477539
1469751201930,-0.31591797,0.88500977,-0.48608398
1469751201969,-0.31469727,0.79248047,-0.41235352
1469751201999,-0.37109375,0.97680664,-0.52197266
1469751202035,-0.34814453,0.9182129,-0.6027832
1469751202069,-0.28515625,0.8322754,-0.55444336
1469751202103,-0.23413086,0.90600586,-0.5810547
1469751202141,-0.31860352,1.0725098,-0.421875
1469751202187,-0.35424805,0.8564453,-0.34326172
1469751202218,-0.34887695,1.0021973,-0.62158203
1469751202246,-0.3540039,0.7595215,-0.15551758
1469751202285,-0.12426758,0.70336914,-0.28979492
1469751202320,-0.16772461,0.87475586,-0.42919922
1469751202347,-0.24487305,0.85302734,-0.30737305
1469751202381,-0.1430664,0.91503906,-0.49414063
1469751202417,-0.26635742,1.019043,-0.40307617
1469751202454,-0.27563477,1.0068359,-0.3671875
1469751202485,-0.07006836,0.85253906,-0.25878906
1469751202519,-0.09887695,0.892334,-0.19750977
1469751202529,-0.13208008,1.168457,-0.17016602
1469751202569,-0.14941406,1.034668,-0.041015625
1469751202603,-0.18310547,0.82250977,-0.13256836
1469751202637,-0.23901367,1.4533691,0.035888672
1469751202666,-0.16845703,0.5437012,-0.106933594
1469751202700,-0.25585938,0.9855957,0.059814453
1469751202719,-0.36206055,0.7219238,0.5578613
1469751202763,-0.39941406,0.63012695,0.28393555
1469751202797,-0.30029297,0.9951172,0.1652832
1469751202816,-0.39941406,0.98168945,0.3774414
1469751202865,-0.2788086,1.0510254,-0.022216797
1469751202892,-0.26098633,1.1047363,-0.067871094
1469751202918,-0.23364258,0.8654785,0.030273438
1469751202963,-0.21508789,0.861084,0.1977539
1469751202979,-0.030273438,0.8532715,0.21191406
1469751203028,0.052734375,0.88305664,0.14013672
1469751203049,-0.41674805,0.65112305,0.48999023
1469751203082,-0.29663086,0.560791,0.3972168
1469751203116,-0.34814453,0.6977539,0.4921875
1469751203144,-0.43798828,1.3012695,0.095947266
1469751203178,-0.22167969,1.1750488,0.21655273
1469751203223,-0.13964844,0.9343262,0.25146484
1469751203247,-0.12866211,0.8859863,0.17333984
1469751203280,-0.16870117,0.9729004,0.5949707
1469751203305,-0.31713867,0.8405762,0.42822266
1469751203344,-0.21606445,0.9367676,0.24902344
1469751203378,-0.21679688,0.97436523,0.28564453
1469751203397,-0.22387695,0.9626465,0.25952148
1469751203435,-0.24243164,0.8779297,0.35717773
1469751203463,-0.22949219,0.90185547,0.40820313
1469751203499,-0.14819336,0.8378906,0.3569336
1469751203529,-0.12719727,0.9133301,0.37548828
1469751203560,-0.16918945,1.0219727,0.39233398
1469751203602,-0.1928711,0.84521484,0.4753418
1469751203629,-0.2512207,0.7758789,0.5192871
1469751203661,-0.25830078,0.81469727,0.5161133
1469751203701,-0.29882813,0.8498535,0.46972656
1469751203734,-0.3046875,0.7302246,0.41259766
1469751203768,-0.28564453,0.82055664,0.46850586
1469751203804,-0.28442383,0.8234863,0.44262695
1469751203836,-0.23803711,0.8955078,0.40600586
1469751203844,-0.23583984,0.84472656,0.44262695
1469751203884,-0.23950195,0.8449707,0.41235352
1469751203916,-0.28442383,0.7624512,0.51049805
1469751203941,-0.31396484,0.85668945,0.48999023
1469751203982,-0.27539063,0.8261719,0.45166016
1469751204011,-0.27856445,0.8532715,0.5061035
1469751204053,-0.2841797,0.7819824,0.4819336
1469751204080,-0.27246094,0.8400879,0.42333984
1469751204114,-0.2685547,0.8371582,0.45483398
1469751204160,-0.20678711,0.84887695,0.51171875
1469751204189,-0.21020508,0.88964844,0.5703125
1469751204217,-0.13110352,0.8208008,0.5439453
1469751204263,-0.2685547,0.79663086,0.7043457
1469751204320,-0.35058594,0.84228516,0.7338867
1469751204368,-0.3203125,0.8041992,0.529541
1469751204429,-0.34765625,0.8300781,0.40600586
1469751204465,-0.22949219,0.57543945,0.4189453
1469751204496,-0.33862305,0.6672363,0.46948242
1469751204538,-0.32714844,0.7141113,0.48632813
1469751204567,-0.32373047,0.71899414,0.5041504
1469751204599,-0.35742188,0.94091797,0.3918457
1469751204885,-0.39526367,0.97143555,0.10473633
1469751204989,0.52685547,0.42871094,0.2680664
1469751205006,0.1850586,0.56030273,0.26782227
1469751205054,-0.2841797,0.8930664,0.18286133
1469751205076,-0.6394043,0.888916,-0.4465332
1469751205109,-0.25317383,1.2199707,-0.31884766
1469751205139,0.07543945,0.61743164,-0.09033203
1469751205170,0.1640625,0.97558594,-0.063964844
1469751205204,-0.43774414,1.4824219,-0.39282227
1469751205251,-0.7224121,1.7478027,-0.43896484
1469751205273,0.16674805,0.63500977,-0.032226563
1469751205307,0.72631836,0.26904297,-0.09301758
1469751205337,0.22509766,0.88256836,-0.29736328
1469751205369,-0.78344727,1.2814941,-0.54785156
1469751205405,-0.8613281,1.3408203,-0.29663086
1469751205421,0.19946289,0.5925293,-0.18847656
1469751205473,0.23535156,0.50512695,-0.16577148
1469751205490,-0.3544922,0.9436035,0.024902344
1469751205521,-0.34472656,1.0725098,0.027832031
1469751205572,-0.2763672,0.609375,-0.09838867
1469751205587,-0.52246094,1.1975098,-0.05029297
1469751205620,-0.47973633,1.5708008,-0.25073242
1469751205670,-0.33154297,1.3637695,-0.14208984
1469751205688,-0.080566406,1.5090332,-0.08691406
1469751205724,0.08178711,1.2111816,-0.041503906
1469751205754,-2.4414063E-4,1.0827637,-0.0087890625
1469751205787,-0.12817383,1.0119629,-0.005126953
1469751205820,-0.13891602,0.91381836,-0.03955078
1469751205853,-0.11376953,0.6867676,-0.06762695
1469751205929,-0.16625977,0.71777344,-0.032958984
1469751205950,-0.61743164,1.2858887,-0.05078125
1469751205987,-0.9094238,1.4042969,-0.13232422
1469751206023,-0.15722656,1.2937012,-0.19018555
1469751206060,0.9057617,-0.00390625,0.056884766
1469751206070,1.0544434,0.11303711,0.20117188
1469751206105,-0.03173828,0.6928711,0.17749023
1469751206214,0.25219727,0.69262695,-0.0625
1469751206241,0.80493164,0.2277832,0.095458984
1469751206271,-0.0925293,1.1086426,0.11230469
1469751206304,-0.953125,1.7568359,0.04321289
1469751206348,-0.13793945,1.019043,0.044433594
1469751206381,0.623291,0.39086914,0.06958008
1469751206444,-0.37426758,1.2883301,0.031982422
1469751206469,-0.7824707,1.6062012,0.019042969
1469751206505,-0.1862793,1.1286621,0.0056152344
1469751206538,0.40283203,0.58496094,-9.765625E-4
1469751206588,-0.059814453,0.9645996,0.099609375
1469751206642,-0.80615234,1.65625,0.0107421875
1469751206650,-0.45996094,1.2573242,0.037841797
1469751206686,0.1706543,0.9992676,0.0
1469751206751,0.34423828,0.60253906,0.18237305
1469751206783,0.056152344,0.814209,0.15844727
1469751206820,-0.35546875,1.3066406,0.099609375
1469751206855,-0.29345703,1.2463379,-0.0063476563
1469751206889,0.022705078,0.93530273,-0.030029297
1469751206916,0.54125977,0.42871094,0.2097168
1469751206946,0.31225586,0.30273438,0.19555664
1469751206980,-0.032470703,0.47045898,0.13452148
1469751207027,-0.43774414,1.2392578,0.46191406
1469751207108,-0.56689453,2.0270996,-0.38085938
1469751207130,-0.2548828,0.9133301,0.07397461
1469751207179,0.1508789,0.97143555,0.23852539
1469751207217,0.107177734,1.0119629,0.27661133
1469751207232,0.02709961,1.0390625,0.2614746
1469751207268,-0.25073242,1.2114258,0.3005371
1469751207300,-0.23486328,1.0925293,0.41308594
1469751207328,-0.11669922,0.86621094,0.31054688
1469751207361,-0.059326172,0.9711914,0.2614746
1469751207400,-0.06958008,0.8640137,0.29663086
1469751207430,0.023925781,0.67749023,0.21118164
1469751207466,0.1977539,0.39868164,0.01977539
1469751207503,0.4753418,0.33398438,0.23364258
1469751207528,-0.063964844,0.14404297,0.25317383
1469751207563,-1.2680664,1.5183105,1.5029297
1469751207608,-0.82250977,1.9243164,-0.4958496
1469751207629,-0.93896484,1.0998535,0.035888672
1469751207648,-0.06762695,1.1181641,0.5476074
1469751207727,0.23950195,0.9416504,0.28588867
1469751207748,-0.04663086,1.2009277,0.2763672
1469751207795,-0.28100586,1.1018066,0.36499023
1469751207813,-0.13793945,0.94140625,0.40698242
1469751207847,-0.013671875,0.68725586,0.36547852
1469751207882,0.088378906,0.65893555,0.3461914
1469751207916,0.32543945,0.20874023,0.29492188
1469751207943,0.33520508,0.40795898,0.4140625
1469751207977,-0.055664063,0.31176758,0.2590332
1469751208014,-1.390625,0.56225586,1.7182617
1469751208046,-1.3400879,2.0388184,-0.2836914
1469751208085,-0.73583984,1.0756836,0.71899414
1469751208108,-0.23120117,1.0249023,0.47705078
1469751208148,-0.0234375,0.8132324,0.42358398
1469751208177,0.033935547,0.7939453,0.2956543
1469751208466,-0.057373047,0.8544922,0.43139648
1469751208523,-0.30517578,0.9213867,0.41723633
1469751208860,-0.19702148,0.9094238,0.25341797
1469751208940,0.30029297,1.4094238,0.3161621
1469751208976,0.31762695,1.4414063,0.3461914
1469751209008,0.37426758,1.3249512,0.34179688
1469751209043,0.45532227,1.1794434,0.37597656
1469751209075,0.5102539,1.1137695,0.40673828
1469751209093,0.6022949,0.86938477,0.4453125
1469751209140,0.5908203,0.5263672,0.47753906
1469751209172,0.7351074,0.24926758,0.4404297
1469751209191,0.7248535,0.25463867,0.27441406
1469751209243,0.7441406,0.18237305,0.29125977
1469751209258,0.7312012,-0.018066406,0.37817383
1469751209292,0.80493164,-0.10571289,0.2998047
1469751209347,0.7939453,-0.1105957,0.3779297
1469751209389,0.87475586,-0.14501953,0.032958984
1469751209427,0.8022461,-0.087402344,0.08300781
1469751209457,0.7824707,0.13867188,0.22045898
1469751209493,0.84936523,0.09326172,0.25463867
1469751209519,0.79711914,-0.049560547,0.3798828
1469751209556,0.78564453,0.17504883,0.50512695
1469751209593,0.6960449,0.4477539,0.6394043
1469751209621,0.6152344,0.27661133,1.0241699
1469751209662,0.60058594,-0.1694336,0.6411133
1469751209675,0.5917969,0.7290039,0.52563477
1469751209719,0.8083496,0.4416504,0.61499023
1469751209760,1.0454102,0.22607422,0.4765625
1469751209772,1.0771484,0.23828125,0.3671875
1469751209820,1.0068359,0.22436523,0.26586914
1469751209838,0.88671875,0.25927734,0.41479492
1469751209874,0.8930664,0.16552734,0.3972168
1469751209920,0.6940918,0.2824707,0.36035156
1469751209935,0.6496582,0.23339844,0.3869629
1469751209977,0.6230469,0.2783203,0.33129883
1469751210003,0.5163574,0.33911133,0.48779297
1469751210038,0.43408203,0.27612305,0.46435547
1469751210076,0.43725586,0.16845703,0.32983398
1469751210100,0.39501953,0.022216797,0.3088379
1469751210134,0.33398438,-0.07714844,0.20410156
1469751210189,0.23413086,-0.01171875,0.09667969
1469751210221,0.3803711,0.013183594,0.21118164
1469751210259,0.5456543,0.0637207,0.5522461
1469751210299,0.9020996,0.13989258,0.37695313
1469751210333,0.7680664,0.92578125,0.23706055
1469751210362,0.9589844,1.6337891,0.2553711
1469751210402,0.82006836,1.8081055,-2.4414063E-4
1469751210430,0.77783203,1.2956543,0.265625
1469751210464,0.7285156,1.4350586,-0.13330078
1469751210497,0.59033203,1.434082,-0.2121582
1469751210534,0.43310547,1.0170898,-0.03491211
1469751210570,0.47094727,0.85717773,-0.24389648
1469751210601,0.3388672,0.82177734,-0.06982422
1469751210637,0.38378906,0.6604004,-0.2734375
1469751210672,0.34326172,0.5437012,-0.5246582
1469751210706,0.27978516,0.047851563,-0.7883301
1469751210714,0.35986328,0.3869629,-0.72387695
1469751210754,0.072265625,1.2133789,-0.45507813
1469751210787,0.1381836,1.0793457,-0.56347656
1469751210817,0.21386719,0.6496582,-0.77368164
1469751210846,0.057861328,0.8273926,-1.2597656
1469751210885,-0.16894531,0.7434082,-0.6921387
1469751210914,0.22143555,1.161377,-0.72314453
1469751210957,0.13793945,0.78686523,-0.7919922
1469751210982,0.19116211,0.99316406,-0.29101563
1469751211016,0.18603516,0.6611328,-0.40063477
1469751211053,0.107421875,1.1240234,-0.48999023
1469751211085,0.095947266,0.8120117,-0.42016602
1469751211101,0.15283203,0.93066406,-0.22851563
1469751211134,0.072265625,1.0827637,0.039794922
1469751211164,-0.009521484,0.6191406,-0.071777344
1469751211198,-0.12573242,1.1374512,0.01928711
1469751211233,-0.07788086,1.1184082,0.10644531
1469751211274,0.0021972656,0.95214844,-0.19458008
1469751211297,0.1003418,0.85717773,-0.024658203
1469751211337,0.012207031,0.7854004,-0.029541016
1469751211363,0.20703125,0.8425293,-0.3955078
1469751211398,0.20263672,0.93408203,-0.33129883
1469751211418,0.21166992,1.0612793,-0.6188965
1469751211466,0.30664063,1.2265625,-0.8666992
1469751211483,0.26416016,1.4423828,-0.6611328
1469751211514,0.095947266,1.3088379,-0.5205078
1469751211564,-0.012451172,0.4855957,-0.39501953
1469751211580,0.045654297,0.6218262,-0.7001953
1469751211614,0.02734375,0.59643555,-0.9301758
1469751211648,0.20776367,0.58691406,-0.5686035
1469751211935,0.14282227,0.85424805,-0.2487793
1469751211996,0.30371094,0.7915039,0.21459961
1469751212331,0.23364258,0.890625,-0.03540039
1469751212409,0.056396484,0.76538086,-0.09057617
1469751212447,0.140625,1.4594727,-0.4375
1469751212483,0.0031738281,1.029541,-0.25097656
1469751212524,0.06762695,1.2434082,-0.27392578
1469751212559,0.047851563,0.9482422,-0.16479492
1469751212584,0.009033203,1.0646973,0.026367188
1469751212629,0.15600586,0.85302734,-0.038330078
1469751212654,0.024902344,1.1037598,-0.056396484
1469751212692,-0.014892578,0.95214844,-0.11645508
1469751212724,0.0949707,1.1154785,-0.041748047
1469751212758,0.16357422,0.9958496,-0.26953125
1469751212792,0.15600586,0.9067383,-0.2253418
1469751212865,0.13769531,0.7414551,-0.22241211
1469751212897,0.19677734,0.72021484,-0.67407227
1469751212908,-0.080078125,1.2763672,-0.34301758
1469751212941,0.016601563,1.0053711,-0.41503906
1469751212977,0.15527344,0.70336914,-0.57250977
1469751213008,0.10498047,0.7441406,-0.7097168
1469751213043,0.22875977,1.0698242,-0.61450195
1469751213063,0.10620117,0.9777832,-0.43139648
1469751213106,0.0146484375,0.9875488,-0.4814453
1469751213139,0.16674805,1.3027344,-0.61328125
1469751213158,0.083740234,1.0039063,-0.4152832
1469751213204,0.036621094,0.95874023,-0.100097656
1469751213224,0.12915039,0.95043945,-0.0014648438
1469751213267,0.17822266,0.84155273,0.21655273
1469751213288,0.11767578,0.9880371,0.28442383
1469751213322,0.10668945,1.1315918,0.16674805
1469751213355,0.2854004,1.0422363,0.008056641
1469751213391,0.38891602,0.85058594,-0.35620117
1469751213424,0.3515625,0.52197266,-0.25561523
1469751213459,0.24853516,0.8352051,-0.01928711
1469751213488,0.28027344,0.8244629,-0.34375
1469751213520,0.20654297,0.96118164,-0.50341797
1469751213556,0.07055664,1.1523438,-0.30615234
1469751213589,0.24511719,0.90600586,-0.079589844
1469751213608,0.23828125,1.0224609,-0.27075195
1469751213648,0.28515625,0.70214844,-0.1850586
1469751213678,0.24267578,1.2487793,-0.05126953
1469751213703,0.2565918,0.9255371,0.21289063
1469751213750,0.31225586,0.8959961,0.23754883
1469751213772,0.22045898,1.0561523,0.28955078
1469751213805,0.24023438,0.8432617,0.42260742
1469751213848,0.22241211,0.68188477,0.49072266
1469751213876,0.12695313,0.96899414,0.5102539
1469751213901,0.115722656,1.0939941,0.6118164
1469751213939,0.17480469,1.1069336,0.43164063
1469751213972,0.27807617,1.036377,0.20678711
1469751214007,0.2709961,1.0917969,0.17260742
1469751214044,0.3491211,1.1813965,0.19799805
1469751214091,0.390625,0.8078613,0.22070313
1469751214156,0.27490234,0.3935547,0.3930664
1469751214169,0.46435547,0.6062012,0.33789063
1469751214186,0.5488281,0.8190918,0.0690918
1469751214222,0.65063477,0.84814453,-0.07055664
1469751214257,0.55615234,0.41845703,-0.3708496
1469751214284,0.51586914,0.33642578,-0.8659668
1469751214319,0.07421875,0.9499512,-0.41577148
1469751214353,-0.13793945,1.3227539,0.15209961
1469751214388,-0.14990234,2.102539,-0.21386719
1469751214423,0.45288086,0.9345703,-0.75756836
1469751214457,0.28125,0.7973633,-0.6894531
1469751214491,0.29077148,0.81518555,-0.35620117
1469751214527,0.25878906,0.98876953,-0.37768555
1469751214561,0.11767578,0.9562988,-0.5600586
1469751214606,0.07885742,0.81689453,-0.52124023
1469751214672,0.22070313,0.6464844,-0.48388672
1469751214699,0.20239258,0.7246094,-0.59814453
1469751214772,0.15478516,0.8564453,-0.8496094
1469751214805,0.11987305,1.1486816,-0.7553711
1469751214838,0.10668945,0.3557129,-0.6069336
1469751214877,0.009277344,0.9577637,-0.4152832
1469751214905,0.099609375,1.0014648,-0.5983887
1469751214941,0.09082031,0.9663086,-0.5427246
1469751214974,0.12036133,0.888916,-0.2319336
1469751215317,0.12817383,1.2290039,0.0925293
1469751215668,0.24487305,1.1555176,0.095703125
1469751215751,0.18359375,0.9013672,0.2290039
1469751215768,0.15722656,0.8874512,0.3762207
1469751215843,0.23266602,0.7832031,0.6057129
1469751215865,0.18945313,0.97216797,0.30664063
1469751215914,0.19970703,0.9729004,0.3864746
1469751215927,0.09692383,1.0424805,0.3840332
1469751215965,0.083496094,0.9628906,0.21142578
1469751216006,0.17480469,0.9550781,0.025146484
1469751216030,0.16503906,0.97436523,0.24023438
1469751216067,0.07836914,1.0380859,0.43310547
1469751216096,0.12646484,0.6699219,9.765625E-4
1469751216128,0.19995117,0.810791,-0.09448242
1469751216173,0.19946289,1.0180664,0.3486328
1469751216195,0.15991211,0.6203613,0.703125
1469751216230,0.26611328,0.8588867,0.045654297
1469751216247,0.31030273,0.9279785,-0.32104492
1469751216299,0.0871582,1.1916504,-0.4921875
1469751216327,-0.080566406,1.1679688,-0.80200195
1469751216363,-0.3461914,0.9345703,0.061279297
1469751216401,0.23461914,0.80322266,-0.7939453
1469751216430,0.15136719,0.8432617,-0.6645508
1469751216464,0.12695313,0.8483887,-0.4946289
1469751216500,0.039794922,0.83447266,-0.47436523
1469751216509,0.07055664,1.095459,-0.30273438
1469751216544,0.0056152344,0.73413086,-0.19628906
1469751216578,-0.036376953,1.1594238,-0.052978516
1469751216612,-0.0014648438,0.99853516,-0.11694336
1469751216648,-0.037109375,1.0969238,-0.001953125
1469751216686,-0.010498047,0.99560547,0.064208984
1469751216712,0.0234375,1.0026855,0.10644531
1469751216747,0.036376953,1.0541992,0.10913086
1469751216784,0.02709961,0.88305664,0.13745117
1469751216817,-0.08569336,1.0449219,0.24194336
1469751216829,-0.083496094,1.0712891,0.28051758
1469751216883,-0.0026855469,0.84716797,0.25976563
1469751216918,0.0021972656,0.8730469,0.24023438
1469751216925,-0.052490234,0.84350586,0.107666016
1469751216995,0.020751953,0.94555664,-0.0053710938
1469751217027,0.043945313,0.96240234,0.055419922
1469751217065,-0.16381836,1.1020508,0.4038086
1469751217090,-0.052734375,1.0083008,0.22265625
1469751217128,-0.0847168,1.0275879,0.2175293
1469751217160,-0.12988281,0.98095703,0.28881836
1469751217194,-0.114990234,1.0175781,0.26000977
1469751217228,-0.12036133,1.0966797,0.32226563
1469751217263,-0.056884766,0.9604492,0.25439453
1469751217297,-0.06225586,0.9116211,0.30517578
1469751217344,-0.055908203,0.92163086,0.32104492
1469751217373,-0.025878906,0.95996094,0.21142578
1469751217410,0.026367188,1.0400391,0.07446289
1469751217459,0.037597656,0.7590332,-0.059814453
1469751217489,0.19067383,0.68603516,-0.3984375
1469751217508,0.05078125,0.88061523,-0.53393555
1469751217576,-0.32495117,0.7470703,-0.15771484
1469751217609,-0.22583008,1.2780762,-0.52197266
1469751217642,-0.16479492,1.0788574,-0.44067383
1469751217671,-0.17358398,1.2536621,-0.4248047
1469751217710,-0.1706543,1.3999023,-0.3737793
1469751217743,-0.022705078,0.49780273,-0.024414063
1469751217775,-0.10083008,0.43237305,0.21166992
1469751217806,-0.14013672,1.0375977,0.22753906
1469751217851,-0.107421875,1.2851563,0.29248047
1469751217869,-0.02368164,1.0925293,0.18530273
1469751217906,0.0031738281,0.78344727,0.0715332
1469751217965,-0.07739258,0.8691406,0.23852539
1469751217972,-0.12890625,1.1247559,0.2849121
1469751217998,-0.057617188,1.1787109,0.19116211
1469751218026,-0.049804688,0.82788086,0.24560547
1469751218057,-0.07104492,0.9667969,0.29296875
1469751218087,-0.1027832,1.0048828,0.46362305
1469751218120,0.1105957,0.9140625,0.35986328
1469751218159,0.13891602,0.828125,0.4345703
1469751218188,0.20483398,0.80615234,0.53125
1469751218224,0.1928711,0.8486328,0.50927734
1469751218264,0.11694336,0.8979492,0.50561523
1469751218287,0.04296875,0.96313477,0.42285156
1469751218323,-0.03955078,0.82592773,0.48486328
1469751218357,0.11303711,0.68237305,0.4814453
1469751218389,0.22583008,0.89208984,0.2788086
1469751218422,0.27075195,0.9838867,0.13916016
1469751218455,0.42358398,0.88964844,-0.01953125
1469751218486,0.37280273,0.8947754,-0.1496582
1469751218519,0.20654297,0.9970703,-0.22875977
1469751218535,0.21923828,0.8798828,0.027832031
1469751218580,0.09033203,0.6467285,0.23925781
1469751218615,-0.040039063,0.7973633,0.35913086
1469751218652,-0.10424805,1.0620117,0.23217773
1469751218965,-0.10620117,1.2314453,0.1105957
1469751219030,-0.039794922,1.4018555,-0.40844727
1469751219337,0.061523438,1.1213379,-0.29760742
1469751219418,0.0036621094,0.58813477,1.1674805
1469751219449,0.140625,0.65063477,1.0175781
1469751219482,0.17700195,0.9765625,0.9609375
1469751219518,0.17822266,0.88256836,0.80249023
1469751219549,0.2536621,1.0493164,0.7290039
1469751219585,0.39208984,1.1022949,0.501709
1469751219619,0.46484375,0.9938965,0.22998047
1469751219656,0.4970703,0.7871094,0.49975586
1469751219688,0.64086914,0.6899414,0.41333008
1469751219703,0.6513672,0.31518555,0.37182617
1469751219730,0.5378418,0.0871582,0.62890625
1469751219765,0.657959,-0.17333984,0.3083496
1469751219800,0.6582031,-0.5197754,0.61328125
1469751219839,0.67407227,-0.3154297,0.83935547
1469751219861,0.689209,-0.010009766,0.77319336
1469751219896,0.67944336,-0.02734375,0.70996094
1469751219935,0.72558594,0.1484375,0.6459961
1469751219969,0.8251953,0.1694336,0.5407715
1469751219998,0.6525879,0.010253906,0.5727539
1469751220017,0.62280273,-0.13574219,0.3359375
1469751220061,0.39916992,-0.043701172,0.23510742
1469751220098,0.15576172,-0.08691406,0.50390625
1469751220113,0.044921875,0.03125,0.63061523
1469751220163,-0.20141602,0.06738281,0.8444824
