1469751019305,-0.4934082,0.47192383,0.7373047
1469751019353,-0.4921875,0.47070313,0.7380371
1469751019388,-0.49438477,0.47680664,0.7375488
1469751019404,-0.49072266,0.4645996,0.74121094
1469751019444,-0.49121094,0.4765625,0.74194336
1469751019485,-0.49047852,0.46704102,0.7392578
1469751019511,-0.49169922,0.46972656,0.7385254
1469751019551,-0.48583984,0.4663086,0.7404785
1469751019569,-0.49316406,0.47705078,0.7421875
1469751019602,-0.4951172,0.46850586,0.7355957
1469751019636,-0.49023438,0.46899414,0.7416992
1469751019665,-0.49169922,0.47021484,0.74316406
1469751019700,-0.49365234,0.47192383,0.73706055
1469751019733,-0.48999023,0.4658203,0.7375488
1469751019766,-0.49316406,0.4699707,0.736084
1469751019800,-0.49438477,0.4716797,0.73657227
1469751019839,-0.49194336,0.46875,0.74365234
1469751019879,-0.49316406,0.46948242,0.7402344
1469751019905,-0.49121094,0.46801758,0.73950195
1469751019932,-0.48754883,0.4638672,0.7390137
1469751019966,-0.4951172,0.47460938,0.7416992
1469751019984,-0.49169922,0.4650879,0.7351074
1469751020034,-0.49414063,0.4777832,0.7375488
1469751020062,-0.4921875,0.4675293,0.73950195
1469751020081,-0.49121094,0.46923828,0.73950195
1469751020132,-0.4873047,0.4645996,0.73291016
1469751020148,-0.4909668,0.4807129,0.7470703
1469751020182,-0.49121094,0.47070313,0.7402344
1469751020226,-0.49438477,0.47216797,0.7355957
1469751020243,-0.513916,0.48754883,0.734375
1469751020301,-0.5205078,0.51049805,0.75634766
1469751020335,-0.50512695,0.48095703,0.81274414
1469751020349,-0.5012207,0.52783203,0.8251953
1469751020381,-0.48242188,0.5463867,0.7849121
1469751020414,-0.53515625,0.6437988,0.8808594
1469751020490,-0.40600586,0.45654297,0.8132324
1469751020529,-0.35839844,0.6044922,0.87939453
1469751020562,-0.22045898,0.4658203,0.94433594
1469751020639,-0.22875977,0.5891113,0.8244629
1469751020677,-0.26586914,0.60375977,0.7336426
1469751020710,-0.2890625,0.6218262,0.6369629
1469751020763,-0.2902832,0.5888672,0.61083984
1469751020786,-0.26342773,0.5437012,0.56274414
1469751020801,-0.22680664,0.54956055,0.56689453
1469751020832,-0.2163086,0.54663086,0.6064453
1469751020867,-0.18481445,0.5185547,0.6657715
1469751020981,-0.25561523,0.5966797,0.7722168
1469751021010,-0.42651367,0.5900879,0.72387695
1469751021048,-0.5336914,0.69140625,0.69189453
1469751021059,-0.6550293,0.7145996,0.6452637
1469751021094,-0.5854492,0.65649414,0.49731445
1469751021126,-0.5629883,0.64404297,0.4638672
1469751021160,-0.55810547,0.68237305,0.48461914
1469751021198,-0.55737305,0.6418457,0.5161133
1469751021242,-0.8046875,0.9963379,0.48583984
1469751021280,-0.6591797,0.8083496,0.4074707
1469751021313,-0.47729492,0.6386719,0.61499023
1469751021349,-0.24511719,0.63623047,0.6281738
1469751021377,-0.1821289,0.6010742,0.32641602
1469751021409,-0.020263672,0.71606445,0.39648438
1469751021444,0.22827148,0.6604004,0.5852051
1469751021490,0.5534668,0.82373047,0.65405273
1469751021527,0.9538574,1.064209,0.5344238
1469751021540,1.0583496,1.2319336,0.689209
1469751021578,0.61450195,1.4978027,0.95166016
1469751021602,0.25708008,1.4230957,1.0354004
1469751021653,-0.37280273,1.6298828,0.81689453
1469751021677,-1.1645508,1.3034668,0.73999023
1469751021689,-0.76831055,0.7832031,0.9086914
1469751021723,-0.58325195,0.30371094,0.71118164
1469751021758,-0.34448242,0.52001953,0.41479492
1469751021794,-0.12866211,0.22290039,0.35546875
1469751021829,0.111572266,0.12182617,0.26733398
1469751021866,0.21142578,0.25219727,0.26245117
1469751021902,0.25585938,0.43164063,0.32128906
1469751021939,0.2770996,0.8417969,0.12988281
1469751021978,0.25073242,1.1682129,-0.1159668
1469751021990,0.28295898,1.4165039,0.0087890625
1469751022017,0.46606445,1.3371582,0.2524414
1469751022063,0.82128906,0.9785156,0.33520508
1469751022090,0.9121094,1.081543,0.5197754
1469751022104,0.8305664,0.9440918,0.7072754
1469751022165,0.6982422,0.85375977,1.079834
1469751022174,0.75268555,0.42407227,1.0500488
1469751022209,0.87890625,0.0546875,0.8076172
1469751022254,0.45629883,0.32250977,0.8015137
1469751022277,0.21533203,0.56274414,0.5246582
1469751022315,-0.23779297,0.4946289,0.5559082
1469751022353,-0.861084,0.72143555,0.6279297
1469751022390,-1.0856934,0.86865234,0.74194336
1469751022435,-1.0068359,0.8105469,0.60058594
1469751022468,-0.7922363,0.69433594,0.5180664
1469751022504,-0.57250977,0.77319336,0.66381836
1469751022538,-0.38427734,0.50805664,0.7062988
1469751022572,-0.29077148,0.5227051,0.74780273
1469751022884,-0.29858398,0.5810547,0.7163086
1469751022937,-0.29125977,0.8718262,0.6203613
1469751022974,-0.3071289,0.62402344,0.6496582
1469751022992,-0.31933594,0.55126953,0.6767578
1469751023282,-0.25610352,1.104248,0.54907227
1469751023336,-0.2841797,0.9094238,0.46923828
1469751023390,-0.18774414,1.4975586,0.25952148
1469751023430,-0.26171875,0.7158203,0.47387695
1469751023465,-0.3010254,0.7578125,0.24047852
1469751023501,-0.36645508,0.6530762,0.42456055
1469751023537,-0.3371582,0.7558594,0.45703125
1469751023577,-0.35205078,0.82373047,0.39990234
1469751023618,-0.3618164,0.7055664,0.36987305
1469751023656,-0.42797852,0.74316406,0.3918457
1469751023687,-0.4411621,0.84814453,0.25805664
1469751023698,-0.44091797,0.6308594,0.3779297
1469751023733,-0.25683594,0.8059082,0.58569336
1469751023752,-0.20361328,0.9086914,0.56152344
1469751023802,-0.2770996,0.9851074,0.46923828
1469751023820,-0.28710938,0.7043457,0.5305176
1469751023848,-0.25756836,0.8256836,0.5690918
1469751023898,-0.06274414,0.75,0.76953125
1469751023920,-0.25561523,0.9157715,0.72387695
1469751023953,-0.29418945,1.0466309,0.44213867
1469751024005,-0.40478516,0.53637695,0.47583008
1469751024046,-0.2541504,0.83984375,0.6953125
1469751024079,-0.23095703,0.7949219,0.5344238
1469751024116,-0.3059082,0.8730469,0.5222168
1469751024157,-0.33666992,0.8952637,0.4650879
1469751024196,-0.2607422,0.7480469,0.4645996
1469751024229,-0.28149414,0.68603516,0.49194336
1469751024282,-0.39501953,0.8083496,0.45043945
1469751024313,-0.49926758,0.9711914,0.46777344
1469751024343,-0.6621094,0.80249023,0.5305176
1469751024391,-0.6616211,0.888916,0.30688477
1469751024415,-0.5498047,0.80859375,0.25268555
1469751024429,-0.42504883,0.7763672,0.18017578
1469751024498,-0.15307617,0.75146484,0.047607422
1469751024532,0.037597656,0.767334,-0.053222656
1469751024565,0.26879883,0.8503418,-0.084472656
1469751024603,0.31030273,1.2312012,-0.099121094
1469751024640,0.25024414,1.0891113,-0.30029297
1469751024695,-0.076660156,1.2355957,-0.19726563
1469751024715,-0.07104492,0.9855957,-0.42333984
1469751024730,-0.1496582,1.1491699,-0.4375
1469751024763,-0.045410156,1.0637207,-0.638916
1469751024797,-0.030761719,0.9812012,-0.6501465
1469751024828,-0.13208008,1.0219727,-0.3708496
1469751024865,-0.46777344,0.67333984,-0.5612793
1469751024921,-0.42456055,0.671875,-0.7216797
1469751024944,-0.4326172,0.83569336,-0.39892578
1469751024982,-0.34692383,0.82788086,-0.43920898
1469751025013,-0.15307617,0.74194336,-0.52441406
1469751025045,-0.107177734,0.8979492,-0.2590332
1469751025077,-0.12695313,0.7277832,-0.34814453
1469751025116,-0.26660156,0.8496094,-0.560791
1469751025150,-0.30932617,0.9194336,-0.49975586
1469751025183,-0.31201172,0.96191406,-0.54052734
1469751025211,-0.4321289,0.8508301,-0.44262695
1469751025257,-0.49658203,0.81591797,-0.19091797
1469751025277,-0.37280273,0.80981445,-0.1027832
1469751025330,-0.42163086,0.70458984,-0.11352539
1469751025367,-0.39160156,0.9470215,-0.30566406
1469751025403,-0.52246094,0.8754883,-0.15795898
1469751025440,-0.3642578,0.95410156,-0.32177734
1469751025480,-0.37182617,1.081543,-0.48461914
1469751025494,-0.34521484,0.96484375,-0.47631836
1469751025526,-0.29760742,0.8876953,-0.3474121
1469751025559,-0.3540039,0.90478516,-0.12036133
1469751025593,-0.4267578,0.8015137,-0.37817383
1469751025629,-0.3474121,0.953125,-0.5449219
1469751025665,-0.36743164,0.8395996,-0.43603516
1469751025715,-0.26489258,0.8781738,-0.39794922
1469751025742,-0.25805664,0.73461914,-0.4519043
1469751025781,-0.39086914,0.7998047,-0.3701172
1469751025825,-0.3630371,0.81689453,-0.4494629
1469751025855,-0.40185547,0.87231445,-0.46606445
1469751025886,-0.33862305,0.8781738,-0.47143555
1469751025941,-0.3425293,0.7614746,-0.48168945
1469751025985,-0.33618164,0.8076172,-0.47338867
1469751026009,-0.3190918,0.81933594,-0.5266113
1469751026040,-0.32641602,0.767334,-0.49682617
1469751026116,-0.32641602,0.81274414,-0.48242188
1469751026153,-0.32226563,0.84277344,-0.47753906
1469751026191,-0.3310547,0.8222656,-0.48217773
1469751026237,-0.31225586,0.9189453,-0.41137695
1469751026275,-0.3100586,0.98999023,-0.35205078
1469751026305,-0.24316406,0.8198242,-0.43603516
1469751026348,-0.29516602,0.9189453,-0.3166504
1469751026377,-0.39404297,0.92749023,-0.2331543
1469751026409,-0.40576172,0.9169922,-0.19091797
1469751026441,-0.4296875,0.8474121,-0.20214844
1469751026456,-0.4777832,0.8520508,-0.2043457
1469751026504,-0.4663086,0.939209,-0.03881836
1469751026522,-0.37695313,0.91308594,0.05126953
1469751026557,-0.3330078,0.90478516,0.19946289
1469751026592,-0.19750977,1.0014648,0.16625977
1469751026625,-0.17211914,0.85424805,0.16455078
1469751026667,-0.092041016,0.7841797,0.19262695
1469751026706,-0.21289063,1.0341797,0.20776367
1469751026738,-0.21679688,1.0046387,0.16015625
1469751026775,-0.23242188,0.9572754,0.076660156
1469751026789,-0.18237305,1.1970215,0.03100586
1469751026819,-0.1538086,1.097168,0.05419922
1469751026855,-0.17675781,1.0627441,0.013183594
1469751026888,-0.21069336,0.93481445,0.046142578
1469751026930,-0.30249023,0.96606445,-0.014160156
1469751027005,-0.5383301,0.8310547,-0.25732422
1469751027041,-0.5119629,0.74487305,-0.09301758
1469751027086,-0.40478516,0.80737305,0.0949707
1469751027113,-0.43579102,0.86938477,0.036621094
1469751027163,-0.48168945,1.0197754,0.0017089844
1469751027188,-0.5131836,0.9099121,0.030761719
1469751027239,-0.65356445,0.9968262,0.13647461
1469751027556,-0.2746582,1.0197754,0.27612305
1469751027966,-2.4414063E-4,0.8125,0.4350586
1469751028052,0.18798828,1.0197754,-0.08886719
1469751028088,0.045654297,1.1074219,-0.040039063
1469751028166,-0.54345703,1.0952148,0.001953125
1469751028203,-0.5505371,0.9812012,-0.17480469
1469751028248,-0.609375,1.0415039,-0.032470703
1469751028276,-0.47851563,0.90722656,-0.25146484
1469751028313,-0.5102539,1.0236816,-0.25170898
1469751028356,-0.31323242,0.5812988,0.029052734
1469751028388,-0.28222656,0.78808594,0.009033203
1469751028404,-0.66381836,1.0019531,-0.21850586
1469751028465,-0.47924805,0.9729004,0.14794922
1469751028500,-0.5373535,1.1645508,-0.10131836
1469751028538,-0.7055664,1.1413574,-0.18310547
1469751028575,-0.6838379,1.0097656,-0.053222656
1469751028584,-0.5930176,0.9169922,0.056640625
1469751028662,-0.26123047,1.0537109,0.06958008
1469751028689,-0.1875,1.2338867,-0.035888672
1469751028725,0.1171875,1.1430664,0.20532227
1469751028763,0.3330078,0.9621582,0.10986328
1469751028809,0.6022949,0.5683594,0.18286133
1469751028844,0.61450195,0.5319824,0.123046875
1469751028878,0.6281738,0.4675293,0.068847656
1469751028913,0.66674805,0.4519043,0.015380859
1469751028951,0.64868164,0.39208984,-0.04736328
1469751028996,0.51220703,0.8015137,0.028320313
1469751029031,0.49609375,0.87768555,-0.0036621094
1469751029063,0.6623535,0.75927734,-0.15405273
1469751029078,0.5151367,0.89404297,0.03564453
1469751029112,0.20361328,0.87353516,0.17895508
1469751029138,0.04248047,0.9404297,0.48046875
1469751029178,-0.13256836,1.2512207,0.5515137
1469751029213,-0.53222656,1.3623047,0.5888672
1469751029227,-0.5786133,1.7902832,0.5439453
1469751029259,-0.36083984,1.3288574,0.4494629
1469751029293,-0.20288086,1.4272461,0.53125
1469751029328,-0.15039063,1.0439453,0.6933594
1469751029365,-0.024658203,0.94189453,0.6723633
1469751029400,0.10083008,0.66796875,0.53881836
1469751029438,0.055664063,0.657959,0.6364746
1469751029476,0.08520508,0.42114258,0.62231445
1469751029514,-0.107421875,0.5131836,0.6496582
1469751029556,-0.09790039,0.2956543,0.92041016
1469751029597,-0.13696289,0.24853516,0.92871094
1469751029625,-0.20874023,0.034179688,0.77685547
1469751029663,-0.22924805,0.1652832,0.8652344
1469751030290,-0.22558594,0.20581055,0.9748535
1469751030304,-0.26464844,0.0546875,0.90722656
1469751030328,-0.30078125,0.026367188,0.90893555
1469751030381,-0.31713867,0.014892578,0.9189453
1469751030397,-0.3293457,-0.0036621094,0.92700195
1469751030419,-0.3154297,-0.022705078,0.89086914
1469751030428,-0.31030273,-0.029541016,0.98706055
1469751030440,-0.34472656,-0.123046875,0.9030762
1469751030451,-0.35961914,-0.08862305,0.91967773
1469751030457,-0.37646484,-0.12963867,0.87231445
1469751030469,-0.4333496,-0.14379883,0.8186035
1469751030528,-0.42700195,-0.2199707,0.84716797
1469751030549,-0.43041992,-0.14086914,0.8535156
1469751030564,-0.42114258,-0.14624023,0.9008789
1469751030580,-0.41870117,-0.20996094,0.87280273
1469751030590,-0.44384766,-0.16821289,0.84375
1469751030601,-0.44384766,-0.14526367,0.84106445
1469751030614,-0.4494629,-0.16894531,0.9094238
1469751030621,-0.46923828,-0.18945313,0.85302734
1469751030639,-0.47583008,-0.13330078,0.85839844
1469751030700,-0.4506836,-0.12817383,0.9187012
1469751030758,-0.43969727,-0.08911133,0.9199219
1469751030803,-0.4543457,-0.13305664,0.8190918
1469751030863,-0.42578125,-0.057617188,0.99438477
1469751030878,-0.43920898,-0.0625,0.9453125
1469751030908,-0.43237305,-0.11279297,0.8457031
1469751030944,-0.41723633,-0.11816406,0.89746094
1469751030976,-0.45703125,-0.10913086,1.0212402
1469751031003,-0.44140625,-0.1159668,0.9121094
1469751031054,-0.37597656,-0.013916016,0.8618164
1469751031091,-0.39379883,-0.0078125,0.8496094
1469751031128,-0.3947754,-0.031982422,0.9067383
1469751031137,-0.41088867,-0.1159668,0.83496094
1469751031176,-0.4099121,-0.044433594,0.97631836
1469751031200,-0.390625,-0.09692383,1.0358887
1469751031242,-0.3671875,-0.068115234,0.92163086
1469751031288,-0.38671875,-0.06591797,0.92993164
1469751031363,-0.39575195,-0.049804688,0.8720703
1469751031391,-0.38110352,0.041748047,0.8244629
1469751031453,-0.38720703,-0.19677734,0.86083984
1469751031487,-0.43896484,-0.08544922,0.90234375
1469751031520,-0.42285156,-0.03125,1.0544434
1469751031561,-0.3935547,0.0014648438,0.84594727
1469751031595,-0.44189453,0.07470703,0.6640625
1469751031617,-0.37890625,-0.15185547,0.6791992
1469751031654,-0.42626953,-0.12011719,0.65185547
1469751031689,-0.3869629,-0.041015625,0.69433594
1469751031725,-0.3671875,0.052001953,0.8093262
1469751031753,-0.39526367,0.16040039,0.9304199
1469751031774,-0.39404297,0.03955078,0.90893555
1469751031821,-0.3544922,0.40942383,0.8786621
1469751031850,-0.2919922,0.42797852,0.8195801
1469751031872,-0.20361328,0.45361328,0.86621094
1469751031919,-0.057373047,0.4753418,0.78686523
1469751031935,0.044677734,0.5678711,0.6010742
1469751031970,0.015380859,0.74121094,0.6508789
1469751032049,0.0041503906,0.98583984,0.4169922
1469751032082,-0.061035156,0.9694824,0.4272461
1469751032102,0.013671875,1.0273438,0.4675293
1469751032156,-0.13769531,1.333252,0.33203125
1469751032169,-0.16772461,1.418457,0.5358887
1469751032198,-0.19482422,0.8876953,0.49145508
1469751032237,-0.15234375,1.065918,0.28295898
1469751032265,-0.15820313,1.0136719,0.39379883
1469751032308,-0.21582031,0.91381836,0.42211914
1469751032359,-0.26098633,0.84594727,0.60424805
1469751032389,-0.2619629,0.7155762,0.46557617
1469751032429,-0.3491211,0.73168945,0.5131836
1469751032738,0.4086914,1.1176758,-0.049560547
1469751032811,0.46020508,0.93310547,0.2631836
1469751033122,0.3791504,0.6906738,0.18432617
1469751033175,-0.35668945,1.0795898,0.140625
1469751033212,-0.4284668,1.1674805,0.030273438
1469751033249,-0.29663086,1.121582,-0.01171875
1469751033298,-0.23486328,1.3791504,0.13916016
1469751033324,0.24658203,0.53759766,1.0314941
1469751033365,0.12866211,0.20800781,1.2553711
1469751033399,-0.1784668,0.66674805,0.5461426
1469751033409,-0.039794922,0.88500977,0.021240234
1469751033480,-0.48583984,1.4553223,-0.29077148
1469751033515,-0.48388672,1.5505371,-0.07373047
1469751033565,-0.07128906,0.79711914,0.595459
1469751033588,0.095214844,-0.017578125,1.2182617
1469751033625,0.1381836,-0.33276367,1.5141602
1469751033664,0.06201172,0.9345703,0.8833008
1469751033711,-0.76293945,1.7895508,-0.09741211
1469751033744,-0.61035156,1.453125,-0.2836914
1469751033779,-0.6225586,0.22143555,0.5397949
1469751033813,-0.36010742,-0.50146484,1.0253906
1469751033849,-0.044921875,0.5065918,1.0651855
1469751033900,0.6069336,0.9589844,0.8520508
1469751033964,-0.54907227,1.5515137,-0.20483398
1469751034010,-1.1357422,0.670166,-0.25976563
1469751034040,-0.7519531,0.62231445,0.12817383
1469751034077,-0.41625977,1.0280762,0.46875
1469751034114,-0.08520508,0.5246582,0.7714844
1469751034125,0.15429688,0.37231445,0.99975586
1469751034160,0.4309082,0.8046875,0.64697266
1469751034188,0.29882813,1.1894531,0.45776367
1469751034224,0.08935547,1.2944336,0.038085938
1469751034265,0.011474609,1.3239746,-0.22607422
1469751034299,-0.037841797,0.8039551,-0.33422852
1469751034337,-0.13427734,1.342041,-0.100097656
1469751034385,-0.053466797,0.80200195,-0.30639648
1469751034424,0.04711914,1.1782227,-0.8911133
1469751034458,-0.07373047,1.0627441,-0.45288086
1469751034474,-0.08081055,0.7766113,-0.5500488
1469751034525,-0.15820313,0.96728516,-0.6118164
1469751034545,-0.16552734,1.5180664,-0.15209961
1469751034575,-0.25976563,0.5366211,-0.5263672
1469751034626,-0.48486328,0.9902344,-0.5349121
1469751034640,-0.3022461,0.8823242,-0.4934082
1469751034672,-0.092285156,0.62768555,-0.4013672
1469751034709,-0.07348633,0.7163086,-0.18237305
1469751034750,0.12573242,0.91503906,-0.20825195
1469751034777,0.0769043,0.6984863,-0.47631836
1469751034813,0.0036621094,0.86743164,-0.5612793
1469751034848,-0.024658203,0.74853516,-0.84277344
1469751034888,-0.055419922,2.3642578,-0.41625977
1469751034926,-0.036865234,0.4868164,-0.33129883
1469751034965,-0.08300781,1.1459961,-0.49902344
1469751035003,-0.033447266,1.0085449,-0.7331543
1469751035043,0.056396484,0.8625488,0.0146484375
1469751035080,-0.10083008,0.8835449,0.38183594
1469751035130,-0.3630371,1.0700684,0.011230469
1469751035164,-0.08959961,0.6201172,-0.57299805
1469751035204,-0.19042969,1.2932129,-0.046142578
1469751035225,0.09033203,0.9868164,0.22143555
1469751035265,0.21118164,1.0117188,-0.14013672
1469751035305,0.13085938,1.0571289,-0.2529297
1469751035338,0.26586914,1.2380371,-0.6911621
1469751035376,-0.45141602,1.3708496,-0.24438477
1469751035384,-0.080322266,0.77001953,-0.46044922
1469751035421,-0.12768555,0.6940918,-0.91796875
1469751035452,-0.46044922,0.94311523,-0.9177246
1469751035492,-0.3618164,0.57421875,-0.6086426
1469751035527,0.017578125,0.72265625,-0.3046875
1469751035534,0.2512207,1.6149902,-0.06616211
1469751035609,-0.063964844,0.7805176,0.31713867
1469751035644,-0.12597656,1.1655273,-0.782959
1469751035688,-0.27319336,0.72094727,-0.7595215
1469751035710,-0.24389648,0.6694336,-1.137207
1469751035749,-0.020996094,1.2666016,-0.69018555
1469751035803,-0.26123047,1.1516113,-0.4873047
1469751035834,-0.2722168,0.5031738,-0.44433594
1469751035907,-0.32299805,0.47631836,-0.44921875
1469751035953,-0.19213867,0.9746094,-0.016845703
1469751035998,-0.10620117,0.3022461,-0.26782227
1469751036035,0.03149414,0.8171387,-0.88256836
1469751036076,-0.123535156,1.5690918,-0.21728516
1469751036110,-0.15429688,1.1721191,0.017578125
1469751036125,-0.0793457,1.2832031,-0.40039063
1469751036156,-0.0690918,0.9995117,-0.04272461
1469751036218,-0.20043945,1.0253906,0.11035156
1469751036252,-0.3017578,0.4794922,0.33374023
1469751036289,-0.49145508,0.9099121,1.0214844
1469751036326,-0.21069336,0.62768555,0.72875977
1469751036367,-0.114990234,0.42211914,0.64575195
1469751036402,-0.07397461,0.5817871,0.35546875
1469751036414,-0.08251953,1.3588867,0.16577148
1469751036455,-0.1027832,0.7260742,0.27612305
1469751036482,-0.0061035156,1.2324219,-0.5317383
1469751036518,0.029785156,1.105957,-0.6455078
1469751036556,0.028564453,0.9995117,-0.5266113
1469751036590,-0.12182617,0.97216797,-0.2824707
1469751036626,-0.4494629,1.2045898,0.18432617
1469751036666,-0.1459961,1.0297852,-0.6513672
1469751036710,-0.1965332,1.0810547,-0.47558594
1469751036747,-0.19189453,0.8210449,-0.5095215
1469751036789,0.083984375,1.0778809,-0.40112305
1469751036814,-0.018066406,1.2207031,-0.06274414
1469751036862,-0.43969727,0.35058594,-0.5371094
1469751036888,-0.5263672,0.9296875,-0.748291
1469751036972,-0.07519531,0.7902832,-0.15527344
1469751037005,-0.013183594,0.87719727,-0.11767578
1469751037052,0.12988281,1.1433105,-0.107421875
1469751037079,-0.24487305,0.25341797,0.23657227
1469751037402,-0.2775879,0.7770996,0.5300293
1469751037453,-0.23950195,0.21484375,0.7097168
1469751037537,-0.03125,1.052002,-0.37158203
1469751037576,0.029541016,1.0253906,0.25585938
1469751037613,0.20092773,1.2915039,-0.22851563
1469751037643,0.15722656,0.9892578,-0.17114258
1469751037677,0.020019531,0.7895508,-0.30737305
1469751037718,-0.045898438,0.80859375,-0.55322266
1469751037752,-0.20996094,0.8901367,-0.46411133
1469751037763,-0.58691406,1.3105469,0.03125
1469751037829,-0.13598633,1.0600586,-0.6711426
1469751037867,-0.13623047,0.8029785,-0.64331055
1469751037904,-0.47583008,1.067627,-1.3676758
1469751037939,-0.54248047,1.1022949,-0.3713379
1469751037990,-0.10839844,0.28295898,0.56933594
1469751038024,-0.25805664,0.6906738,0.88500977
1469751038059,2.4414063E-4,0.033203125,1.2543945
1469751038095,0.03125,0.22143555,1.3254395
1469751038134,-0.103271484,1.2556152,0.52001953
1469751038164,-0.21826172,1.1904297,0.5883789
1469751038202,-0.34545898,1.4423828,-0.103759766
1469751038241,-0.38623047,0.82299805,0.18774414
1469751038325,-0.3503418,-0.8054199,1.6228027
1469751038340,0.17797852,-0.5222168,1.8935547
1469751038361,-0.0031738281,-0.023925781,1.3115234
1469751038389,-0.0871582,0.87231445,0.85717773
1469751038426,-0.33569336,1.2937012,0.14550781
1469751038464,-0.8955078,2.5341797,0.32177734
1469751038508,-0.041992188,-0.86743164,0.9851074
1469751038543,0.033203125,-1.3256836,1.3759766
1469751038579,-0.022949219,0.8942871,0.97753906
1469751038614,-0.4741211,0.97314453,0.46142578
1469751038652,-0.36791992,1.7556152,0.07470703
1469751038689,-0.6936035,1.8959961,0.75756836
1469751038729,0.008544922,0.29345703,0.70874023
1469751038771,-0.034423828,-0.26513672,0.96533203
1469751038804,0.17578125,0.0146484375,1.0078125
1469751038839,-0.27148438,0.4326172,1.3186035
1469751038881,-0.43701172,1.3400879,0.21289063
1469751038890,-0.3371582,2.0134277,-0.010253906
1469751038952,-0.5053711,1.9274902,0.5908203
1469751038958,-0.19824219,0.61938477,0.22241211
1469751038991,-0.17236328,-0.76416016,1.4782715
1469751039029,0.0546875,-1.0205078,1.3579102
1469751039070,-0.21191406,1.5288086,0.6699219
1469751039102,-0.43554688,0.4399414,0.6645508
1469751039140,-0.25268555,1.5253906,0.0048828125
1469751039177,-0.5949707,2.2026367,0.3852539
1469751039185,-0.087890625,0.5427246,0.5744629
1469751039229,-0.14477539,0.46606445,0.5107422
1469751039261,-0.088134766,-1.3681641,1.6628418
1469751039290,0.00390625,0.41601563,0.8652344
1469751039329,-0.2590332,1.0895996,0.8322754
1469751039364,-0.1953125,1.3632813,0.19042969
1469751039412,-0.642334,0.9172363,0.77612305
1469751039456,-0.08691406,0.28173828,0.46191406
1469751039477,-0.06616211,-1.7775879,1.6818848
1469751039515,0.021484375,-0.03173828,1.0327148
1469751039555,-0.28320313,0.8156738,0.9003906
1469751039589,-0.2854004,1.2578125,0.45947266
1469751039602,-0.34179688,2.4841309,-0.51049805
1469751039639,-0.43164063,0.6906738,0.7766113
1469751039669,-0.0625,0.7314453,0.15209961
1469751039710,0.026367188,-1.4194336,1.5776367
1469751039741,-0.10498047,0.44262695,0.8417969
1469751039778,-0.1652832,0.795166,0.9501953
1469751039815,-0.12573242,0.96655273,0.48754883
1469751039857,-0.453125,2.4372559,-0.2932129
1469751039891,-0.13061523,0.7468262,0.35229492
1469751039927,0.018066406,-0.8769531,1.1779785
1469751039965,-0.08642578,-0.21899414,1.416748
1469751040002,-0.13208008,1.0461426,0.87231445
1469751040046,-0.30151367,0.8034668,0.6088867
1469751040086,-0.5473633,2.105713,0.050048828
1469751040119,-0.18847656,0.08911133,0.7102051
1469751040156,-0.23632813,1.1367188,0.1472168
1469751040191,-0.16870117,0.30249023,0.7158203
1469751040220,-0.119140625,0.18359375,1.1784668
1469751040250,-0.0847168,0.80249023,0.40771484
1469751040284,-0.051513672,0.79467773,0.4020996
1469751040335,0.017822266,0.6501465,-0.59814453
1469751040382,-0.22949219,1.0942383,-0.42700195
1469751040419,-0.2006836,1.0847168,-0.08325195
1469751040443,-0.017578125,0.8496094,-0.2368164
1469751040480,0.09692383,1.0405273,-0.5095215
1469751040518,-0.05810547,1.0478516,-0.37475586
1469751040555,-0.111083984,0.9248047,-0.44140625
1469751040564,4.8828125E-4,1.0998535,-0.41625977
1469751040605,0.042236328,0.67089844,-0.5734863
1469751040632,-0.036621094,0.71484375,-0.61083984
1469751040676,-0.14135742,0.8540039,-0.45996094
1469751040708,-0.087646484,0.81030273,-0.7351074
1469751040743,-0.02319336,1.0834961,-0.8125
1469751040751,-0.032958984,0.52685547,-0.4909668
1469751040822,-0.19799805,0.70825195,-0.46972656
1469751040833,-0.3244629,0.67333984,-0.43823242
1469751040856,-0.12475586,0.49047852,-0.6179199
1469751040899,-0.10888672,0.47143555,-0.8781738
1469751040930,-0.041503906,1.192627,-0.5065918
1469751040968,0.14160156,1.4152832,-0.13305664
1469751041022,-0.048583984,0.6972656,-0.6623535
1469751041047,0.07080078,0.9716797,-0.75561523
1469751041334,0.008544922,1.0771484,-0.5168457
1469751041418,-0.1159668,0.76220703,-0.670166
1469751041501,0.0546875,0.7067871,-0.79003906
1469751041535,-0.1171875,0.64453125,-0.8149414
1469751041580,-0.06274414,0.64941406,-0.6530762
1469751041605,-0.07446289,0.5661621,-0.7956543
1469751041643,0.014404297,0.44018555,-0.9885254
1469751041680,-0.1081543,0.8059082,-0.4885254
1469751041696,-0.10498047,0.61450195,-0.7902832
1469751041731,-0.09472656,1.2202148,-1.0263672
1469751041762,0.040039063,0.65478516,-0.51660156
1469751041805,-0.10595703,0.77856445,-0.24804688
1469751041830,0.03466797,1.1936035,-0.40429688
1469751041868,-0.0031738281,0.88183594,-0.22363281
1469751041918,0.07080078,0.89086914,0.30004883
1469751041960,0.111816406,0.7067871,0.1706543
1469751041992,0.025390625,0.66918945,-0.06982422
1469751042018,-0.092285156,0.80810547,-0.00390625
1469751042060,9.765625E-4,0.62402344,-0.3100586
1469751042096,-0.19873047,1.1135254,-0.4597168
1469751042134,-0.1003418,1.276123,-0.5842285
1469751042148,-0.018554688,1.026123,-0.36694336
1469751042182,-0.11401367,1.6704102,-0.27319336
1469751042210,-0.028808594,0.5410156,0.14770508
1469751042243,-0.06616211,0.78344727,0.2824707
1469751042281,0.0041503906,0.9116211,0.23608398
1469751042319,-0.06201172,0.9147949,0.39941406
1469751042359,-0.16894531,0.88427734,0.14868164
1469751042396,-0.1640625,0.7636719,-0.096191406
1469751042432,-0.049316406,1.1977539,-0.37646484
1469751042445,-0.2319336,0.4387207,-0.30786133
1469751042506,-4.8828125E-4,0.86376953,-0.98950195
1469751042553,0.09863281,1.1037598,-0.84814453
1469751042578,0.10449219,0.71313477,-0.7998047
1469751042592,-0.119628906,0.7758789,-0.27539063
1469751042642,-0.23632813,0.8310547,-0.08276367
1469751042659,-0.23779297,0.71655273,0.21484375
1469751042696,-0.36157227,1.1325684,-0.009521484
1469751042729,-0.2133789,0.9333496,-0.045410156
1469751042757,-0.046142578,1.2028809,0.19384766
1469751042791,-0.13061523,1.635498,0.20947266
1469751042824,0.28149414,-0.23803711,-0.3334961
1469751042858,-0.06518555,1.1193848,-0.57958984
1469751042893,-0.1459961,0.9279785,-0.626709
1469751042928,0.045410156,0.9675293,-0.8486328
1469751042963,-0.16088867,1.0183105,-0.45703125
1469751042989,-0.08081055,0.8503418,0.005859375
1469751043025,2.4414063E-4,0.75268555,-0.01928711
1469751043059,-0.12060547,1.0930176,0.26293945
1469751043074,-0.099609375,0.77197266,0.17797852
1469751043127,-0.15942383,1.310791,0.13745117
1469751043150,-0.21972656,0.6772461,0.50683594
1469751043173,-0.10888672,1.0732422,0.72558594
1469751043224,-0.31469727,0.6748047,0.8339844
1469751043241,-0.171875,0.5083008,0.6398926
1469751043274,-0.20874023,0.75146484,0.89990234
1469751043318,-0.19238281,0.7155762,0.6201172
1469751043342,-0.10229492,0.84472656,0.44140625
1469751043374,-0.056396484,0.84033203,0.3059082
1469751043406,-0.06616211,0.9626465,0.076171875
1469751043439,-0.115478516,0.79003906,0.010986328
1469751043480,-0.23852539,0.9494629,0.016113281
1469751043508,-0.047607422,0.66796875,-0.36645508
1469751043542,-0.024658203,0.61450195,-0.49926758
1469751043581,0.087646484,0.9484863,-0.73046875
1469751043605,0.1105957,1.041748,-0.7182617
1469751043638,0.051513672,1.0615234,-0.4272461
1469751043657,-0.15942383,1.0007324,-0.23071289
1469751043708,-0.049316406,0.8574219,-0.52905273
1469751043728,0.04272461,0.84936523,-0.90185547
1469751043755,-0.07714844,1.2099609,-0.5930176
1469751043790,-0.12548828,0.88183594,-0.3864746
1469751043820,-0.0034179688,0.88549805,-0.42260742
1469751043856,-0.24291992,0.90625,-0.47827148
1469751043897,-0.2705078,0.81396484,-0.6464844
1469751043923,-0.24609375,0.8925781,-0.4086914
1469751043954,-0.27416992,1.2231445,-0.30322266
1469751043989,-0.05908203,0.29833984,-0.41308594
1469751044019,-0.119140625,0.89746094,-0.31640625
1469751044054,-0.06347656,0.94506836,0.009521484
1469751044095,0.0014648438,0.57836914,-0.026123047
1469751044122,-0.17504883,1.7712402,0.3930664
1469751044147,-0.15698242,1.0991211,-0.2697754
1469751044441,-0.118896484,1.1142578,-0.4086914
1469751044503,-0.1706543,1.032959,-0.15820313
1469751044539,-0.35083008,1.2590332,0.088134766
1469751044567,-0.12646484,0.5522461,0.4152832
1469751044601,-0.10449219,0.8183594,0.54907227
1469751044625,-0.11254883,0.84765625,0.44702148
1469751044671,-0.0068359375,0.5551758,0.19262695
1469751044693,-0.057373047,1.1716309,0.38549805
1469751044720,-0.0034179688,1.012207,0.30004883
1469751044766,-0.064697266,0.9929199,0.22021484
1469751044783,-0.091796875,1.2854004,-0.021728516
1469751044817,-0.08203125,1.151123,0.16040039
1469751044855,-0.12426758,0.8796387,0.07495117
1469751044886,-0.07104492,1.2084961,-0.0024414063
1469751044920,-0.1015625,1.0727539,0.01977539
1469751044950,-0.115478516,0.9428711,-0.028564453
1469751044982,-0.122802734,1.2602539,-0.22631836
1469751045022,-0.19042969,1.0942383,-0.046875
1469751045054,-0.115722656,0.91308594,0.07373047
1469751045088,-0.14575195,0.9523926,-0.17675781
1469751045116,-0.018798828,0.68481445,-0.23168945
1469751045147,0.007080078,0.9074707,-0.07128906
1469751045180,-0.16113281,0.7631836,-0.515625
1469751045198,-0.12451172,1.0185547,-0.67211914
1469751045267,-0.10668945,0.92089844,-0.6086426
1469751045301,-0.052490234,0.93481445,-0.7705078
1469751045336,-0.1237793,1.0410156,-0.43310547
1469751045363,-0.09472656,0.64575195,-0.20922852
1469751045398,-0.16503906,0.96606445,-0.12695313
1469751045434,-0.30981445,0.81811523,0.3798828
1469751045466,-0.13256836,0.90844727,0.21948242
1469751045501,-0.21777344,1.0395508,0.19555664
1469751045534,-0.14428711,0.91796875,0.33691406
1469751045562,-0.11206055,0.95214844,0.25146484
1469751045601,-0.16577148,1.1804199,0.15014648
1469751045635,0.01171875,0.5917969,-0.48339844
1469751045664,-0.06274414,1.2368164,-0.39575195
1469751045683,-0.064208984,0.67700195,-0.5373535
1469751045735,-0.024169922,0.86572266,-0.6801758
1469751045794,-0.12866211,1.0114746,-0.6345215
1469751045867,-0.010253906,0.54467773,0.03955078
1469751045892,-0.15917969,0.8701172,0.39282227
1469751045935,0.11669922,0.7717285,0.3088379
1469751045944,-0.17529297,1.3022461,0.21899414
1469751045981,-0.1940918,1.1542969,0.39257813
1469751046014,-0.08251953,0.779541,0.5270996
1469751046045,-0.21435547,0.60180664,0.7922363
1469751046084,-0.28588867,0.7336426,0.826416
1469751046117,-0.171875,0.53637695,0.73828125
1469751046143,-0.3125,0.5004883,0.99975586
1469751046178,-0.14941406,1.0007324,0.5800781
1469751046213,-0.14501953,0.5515137,0.40966797
1469751046245,0.044921875,0.6479492,0.028076172
1469751046262,-0.021484375,0.87060547,-0.23510742
1469751046313,-0.091552734,0.9538574,-0.51416016
1469751046330,0.14501953,1.1062012,-0.8947754
1469751046368,0.13598633,1.1699219,-0.77905273
1469751046429,-0.17504883,1.0092773,-0.63183594
1469751046462,0.087890625,0.9147949,-0.6682129
1469751046496,-0.03540039,1.0090332,-0.42797852
1469751046548,-0.12841797,0.8840332,-0.40185547
1469751046559,-0.0061035156,0.9399414,-0.5522461
1469751046603,-0.057617188,0.9616699,-0.28125
1469751046627,-0.3178711,1.0095215,-0.30004883
1469751046660,-0.35668945,0.8161621,-0.5192871
1469751046696,-0.1772461,0.6340332,-0.6364746
1469751046729,-0.16796875,0.7902832,-0.55078125
1469751046763,-0.11376953,0.61083984,-0.5131836
1469751046793,-0.018310547,0.78466797,-0.6088867
1469751046826,0.0126953125,0.6591797,-0.7451172
1469751046856,-0.015625,0.61157227,-0.6159668
1469751046896,-0.09350586,0.9707031,-0.7705078
1469751046912,-0.22558594,0.8330078,-0.6254883
1469751046939,-0.26293945,1.0410156,-0.63916016
1469751046997,-0.17944336,0.6437988,-0.7067871
1469751047008,-0.100097656,0.67626953,-0.6147461
1469751047042,-0.08496094,0.9584961,-0.61694336
1469751047078,-0.088134766,0.94873047,-0.6340332
1469751047110,-0.13427734,0.66674805,-0.5703125
1469751047139,-0.08691406,0.9506836,-0.38208008
1469751047182,-0.12158203,1.2346191,-0.56884766
1469751047207,-0.076171875,0.8833008,-0.47705078
1469751047242,-0.025634766,0.9814453,0.01928711
1469751047276,-0.08325195,0.8173828,-0.12231445
1469751047601,0.05834961,1.1291504,-0.2993164
1469751047657,-0.15966797,0.67285156,0.18457031
1469751047968,-0.092285156,0.85498047,0.0871582
1469751048039,-0.19873047,1.0288086,0.025878906
1469751048075,-0.12915039,1.0778809,0.07470703
1469751048110,-0.00390625,0.9367676,-0.16455078
1469751048137,-0.06665039,0.74609375,-0.4716797
1469751048178,0.08618164,0.8581543,-0.35961914
1469751048206,-0.07104492,1.1298828,-0.68115234
1469751048238,-0.13696289,1.074707,-0.57055664
1469751048277,-0.171875,0.9182129,-0.030029297
1469751048311,-0.11425781,0.49438477,0.4020996
1469751048343,-0.18017578,1.1479492,0.1340332
1469751048368,-0.15991211,0.79003906,0.28271484
1469751048409,-0.26904297,1.3413086,0.28759766
1469751048437,-0.026855469,0.9116211,-0.09326172
1469751048456,-0.1418457,1.1816406,-0.42895508
1469751048495,-0.10595703,0.80322266,-0.08691406
1469751048523,0.075683594,0.7687988,-0.49780273
1469751048561,-0.11254883,1.1435547,-0.64868164
1469751048600,-0.14794922,1.0900879,-0.89208984
1469751048619,-0.010253906,0.85302734,-0.47973633
1469751048653,0.03857422,1.0356445,0.017089844
1469751048687,-0.1550293,0.2890625,0.15771484
1469751048724,0.16381836,0.73657227,0.13598633
1469751048751,-0.055664063,0.842041,0.39672852
1469751048784,-0.5144043,1.2165527,0.63256836
1469751048818,-0.0234375,0.94384766,0.39135742
1469751048855,-0.2277832,0.8737793,0.5788574
1469751048870,-0.1809082,0.65234375,0.5061035
1469751048929,-0.24365234,0.9094238,0.6411133
1469751048954,-0.12988281,0.9421387,0.24243164
1469751048965,-0.072753906,0.8515625,0.016601563
1469751049017,-0.104003906,1.0561523,0.009033203
1469751049034,-0.1538086,0.91064453,-0.06225586
1469751049068,-0.076660156,0.61621094,-0.4309082
1469751049109,0.05859375,0.6621094,-0.8195801
1469751049132,0.0949707,1.0175781,-0.7705078
1469751049167,-0.20483398,1.3112793,-0.3244629
1469751049199,-0.08325195,0.9794922,-0.56933594
1469751049235,-0.03491211,0.7331543,-0.595459
1469751049268,-0.09741211,0.94433594,-0.5595703
1469751049308,-0.11425781,0.9152832,-0.62109375
1469751049331,-0.14379883,0.97802734,-0.71728516
1469751049365,-0.13696289,0.9343262,-0.5258789
1469751049399,-0.34375,0.7104492,-0.31103516
1469751049433,-0.26733398,1.1467285,-0.41845703
1469751049449,-0.25610352,0.8857422,-0.7055664
1469751049502,-0.23999023,0.58813477,-0.4519043
1469751049518,-0.22094727,0.96655273,-0.42358398
1469751049548,-0.2746582,1.0029297,-0.17993164
1469751049598,-0.08642578,0.6945801,-0.10498047
1469751049616,-0.12011719,0.8449707,0.05102539
1469751049651,-0.16186523,0.9621582,-0.07055664
1469751049684,-0.068359375,0.6171875,-0.25439453
1469751049718,-0.08959961,0.76538086,-0.25585938
1469751049756,-0.40771484,1.5241699,0.46801758
1469751049782,0.041748047,1.0080566,-0.2775879
1469751049814,-0.018066406,1.0976563,-0.57373047
1469751049848,0.076416016,1.1755371,-0.5500488
1469751049885,-0.049804688,1.1364746,-0.4572754
1469751049929,-0.055908203,1.2387695,-0.57373047
1469751049952,-0.08642578,0.9675293,-0.23022461
1469751049979,-0.114990234,0.890625,0.060546875
1469751050016,-0.118896484,1.0559082,0.03100586
1469751050031,-0.20336914,0.89208984,0.1394043
1469751050083,-0.24267578,0.98339844,0.17944336
1469751050099,-0.4494629,0.91552734,-0.025390625
1469751050134,-0.40576172,1.0793457,-0.107177734
1469751050178,-0.20092773,0.92626953,-0.08227539
1469751050209,-0.13867188,0.6254883,-0.14355469
1469751050234,-0.18652344,0.5644531,-0.06347656
1469751050266,0.019042969,1.0932617,0.5292969
1469751050299,0.18847656,0.5644531,0.059326172
1469751050325,-0.01586914,1.5544434,-0.42041016
1469751050360,0.14819336,1.270752,-0.6381836
1469751050395,-0.03466797,0.8911133,-0.30493164
1469751050429,-0.17285156,1.1132813,-0.42114258
1469751050465,-0.3425293,0.8273926,-0.060546875
1469751050498,-0.57788086,0.5546875,0.5546875
1469751050520,-0.44262695,0.99194336,0.2854004
1469751050567,-0.24731445,1.1630859,-0.1694336
1469751050594,-0.15014648,0.90405273,-0.09082031
1469751050614,-0.0546875,0.6357422,0.11694336
1469751050685,-0.14257813,0.6970215,0.41918945
1469751051010,-0.030517578,0.7648926,-0.73217773
1469751051099,-0.23828125,0.7097168,-0.18603516
1469751051407,-0.10449219,0.78808594,0.47558594
1469751051468,-0.41479492,0.2746582,0.6750488
1469751051493,-0.68359375,-0.072021484,0.83813477
1469751051522,-0.9050293,-0.051513672,0.8239746
1469751051566,-0.95336914,0.10205078,0.5830078
1469751051590,-0.79541016,0.19921875,0.6230469
1469751051627,-0.69799805,0.16381836,0.7392578
1469751051669,-0.5307617,0.41430664,0.7661133
1469751051680,-0.38378906,0.48120117,0.6166992
1469751051720,-0.40625,0.90356445,0.6274414
1469751051757,-0.46435547,0.65234375,0.48706055
1469751051772,-0.1550293,0.9199219,0.27929688
1469751051808,0.0146484375,0.9494629,0.26538086
1469751051840,-0.18920898,0.4267578,-0.057128906
1469751051879,0.0925293,1.0222168,-0.5756836
1469751051909,-0.13476563,1.326416,-0.21166992
1469751051939,-0.01928711,0.9782715,-0.21557617
1469751051972,0.140625,0.9794922,-0.4104004
1469751052007,-0.038085938,1.0239258,-0.47973633
1469751052042,-0.09008789,1.065918,-0.66748047
1469751052080,-0.07861328,1.1208496,-0.6621094
1469751052109,-0.1171875,0.986084,-0.46484375
1469751052140,-0.16796875,0.8474121,-0.4230957
1469751052181,-0.28051758,0.7692871,-0.47265625
1469751052206,-0.06201172,1.0935059,-0.2919922
1469751052222,-0.17407227,0.92211914,-0.19995117
1469751052256,-0.1184082,0.951416,-0.23852539
1469751052291,-0.2631836,0.7775879,0.19311523
1469751052319,-0.3100586,0.6274414,0.5288086
1469751052361,-0.31860352,0.8703613,0.43652344
1469751052388,-0.2932129,0.642334,0.6669922
1469751052422,-0.2927246,0.39038086,0.8605957
1469751052455,-0.2878418,0.5463867,0.91015625
1469751052502,-0.18310547,0.3635254,0.71728516
1469751052518,-0.0234375,0.4650879,0.38842773
1469751052552,-0.05053711,0.5161133,0.4494629
1469751052588,-0.03173828,0.36157227,0.20947266
1469751052620,-0.17333984,1.0058594,-0.15039063
1469751052639,-0.109375,1.2849121,-0.25341797
1469751052689,0.12988281,1.4360352,-0.74731445
1469751052706,0.013183594,1.112793,-0.4638672
1469751052734,-0.021484375,0.84936523,-0.33666992
1469751052788,-0.10107422,1.090332,-0.4260254
1469751052803,-0.1015625,0.96069336,-0.6401367
1469751052843,-0.12915039,1.1262207,-0.62524414
1469751052870,-0.14111328,0.97875977,-0.46728516
1469751052905,-0.20239258,1.1586914,-0.30444336
1469751052933,-0.37719727,0.6538086,-0.6437988
1469751052971,-0.31225586,0.8186035,-0.49389648
1469751053005,-0.27612305,0.5563965,-0.35498047
1469751053036,-0.21289063,0.6838379,-0.24414063
1469751053075,-0.20776367,1.013916,-0.32543945
1469751053104,-0.1003418,0.6682129,-0.3544922
1469751053135,-0.016113281,0.69970703,-0.4897461
1469751053173,0.12426758,0.73535156,-0.7937012
1469751053201,0.016601563,0.6879883,-0.84814453
1469751053218,-0.032958984,0.82910156,-0.8149414
1469751053270,-0.14501953,1.2839355,-0.37719727
1469751053289,-0.037841797,0.814209,-0.5744629
1469751053318,-0.09448242,1.2304688,-0.7416992
1469751053370,-0.12109375,1.1044922,-0.595459
1469751053383,-0.026611328,1.046875,-0.7011719
1469751053420,-0.06616211,1.107666,-0.5979004
1469751053453,-0.12109375,-0.2770996,0.77246094
1469751053486,-0.33007813,0.6921387,0.50268555
1469751053514,-0.07788086,1.2744141,0.28686523
1469751053549,-0.021728516,0.6599121,0.46557617
1469751053582,-0.03466797,0.6179199,0.3552246
1469751053618,-0.08251953,0.62060547,0.24707031
1469751053651,-0.19946289,1.0554199,-0.0061035156
1469751053684,-0.18383789,1.1726074,-0.119140625
1469751053705,-0.15820313,1.2304688,-0.06347656
1469751053748,-0.103027344,1.0073242,-0.16479492
1469751053785,-0.20996094,1.0471191,-0.19213867
1469751053799,0.025634766,0.8005371,-0.5280762
1469751053850,-0.18701172,0.99560547,-0.5793457
1469751053867,-0.22241211,0.6188965,-0.8293457
1469751053902,-0.1928711,0.87280273,-0.9873047
1469751053948,-0.21191406,1.0041504,-0.71191406
1469751053964,-0.15576172,0.8535156,-0.6455078
1469751053998,-0.23120117,1.0178223,-0.6948242
1469751054033,-0.16357422,0.7060547,-0.54711914
1469751054065,-0.017578125,0.76953125,-0.3503418
1469751054371,0.084472656,0.4140625,-0.6989746
1469751054450,-0.056884766,0.86083984,-0.6682129
1469751054755,-0.27856445,1.0463867,-0.103271484
1469751054813,-0.045166016,1.0649414,-0.5300293
1469751054845,-0.052001953,1.0839844,-0.71118164
1469751054863,-0.04296875,1.144043,-0.6621094
1469751054917,-0.16845703,0.7844238,-0.2565918
1469751054943,-0.13720703,1.0234375,-0.17016602
1469751054959,-0.19799805,1.0046387,-0.35546875
1469751055010,-0.064697266,0.8564453,-0.6855469
1469751055029,-0.21166992,1.0249023,-0.7114258
1469751055063,-0.13085938,0.9577637,-0.6447754
1469751055099,-0.16674805,0.58203125,-0.39233398
1469751055130,-0.35742188,0.83251953,-0.4194336
1469751055159,-0.34570313,0.8371582,-0.9069824
1469751055193,-0.3630371,0.58740234,-0.56884766
1469751055230,-0.28027344,0.77734375,-0.49609375
1469751055264,-0.09741211,0.89453125,-0.39697266
1469751055299,-0.1381836,0.73339844,-0.41308594
1469751055338,-0.056640625,0.7163086,-0.5358887
1469751055358,-0.0017089844,0.60668945,-0.45947266
1469751055397,-0.07128906,0.74609375,-0.40405273
1469751055427,-0.15673828,0.7976074,-0.5493164
1469751055443,-0.4416504,1.5378418,-0.22167969
1469751055504,-0.10473633,1.1699219,-0.6291504
1469751055523,-0.014404297,1.1040039,-0.9160156
1469751055545,0.07080078,0.8029785,-0.75805664
1469751055593,-0.16113281,1.1520996,-0.40429688
1469751055609,-0.19433594,0.8273926,-0.31323242
1469751055662,-0.23364258,0.45874023,-0.12841797
1469751055681,-0.4934082,1.2993164,-0.14355469
1469751055707,-0.30029297,1.0253906,0.052734375
1469751055755,-0.19921875,0.68847656,0.075927734
1469751055790,-0.044433594,1.1384277,-0.019042969
1469751055808,-0.061767578,0.87597656,0.22729492
1469751055842,-0.09301758,0.6413574,0.24121094
1469751055877,-0.12451172,1.2297363,-0.110839844
1469751055906,-0.037353516,1.1223145,-0.044189453
1469751055939,-0.1394043,0.91381836,-0.18896484
1469751055985,0.025146484,0.7055664,-0.111328125
1469751056007,-0.20117188,0.970459,-0.11669922
1469751056024,-0.22485352,1.1586914,-0.50390625
1469751056077,-0.26538086,1.0517578,-0.44384766
1469751056094,-0.234375,0.9223633,-0.41333008
1469751056125,-0.17407227,1.0214844,-0.35180664
1469751056156,-0.16186523,1.1335449,-0.31030273
1469751056236,-0.12524414,1.0419922,-0.0126953125
1469751056259,-0.12207031,0.9367676,0.12036133
1469751056292,-0.18920898,0.670166,0.08300781
1469751056320,-0.20605469,0.81689453,-0.029052734
1469751056353,-0.14501953,0.9724121,-0.27856445
1469751056396,-0.18115234,1.1425781,-0.30273438
1469751056432,-0.1496582,1.0249023,-0.21289063
1469751056458,-0.044677734,0.9116211,-0.33325195
1469751056483,-0.115478516,0.95996094,-0.39648438
1469751056523,-0.08203125,1.0014648,-0.5517578
1469751056554,-0.060302734,1.0336914,-0.9321289
1469751056570,-0.07373047,1.064209,-0.7883301
1469751056609,-0.1821289,0.53344727,-0.12670898
1469751056641,-0.22729492,0.86376953,-0.15820313
1469751056681,-0.21191406,0.8000488,0.14428711
1469751056713,-0.118896484,0.5710449,0.27539063
1469751056737,-0.39526367,1.4526367,0.055664063
1469751056770,-0.16113281,1.1462402,0.030029297
1469751056808,-0.001953125,0.6320801,-0.22485352
1469751056845,-0.009765625,1.0991211,-0.3720703
1469751056873,-0.11279297,0.81884766,-0.40576172
1469751056889,-0.030029297,1.0458984,-0.6542969
1469751056936,-0.1303711,1.1638184,-0.55493164
1469751056969,-0.13891602,1.0463867,-0.5004883
1469751056992,-0.10913086,0.9724121,-0.4128418
1469751057039,-0.014160156,0.5463867,-0.031982422
1469751057064,-0.0871582,0.4658203,0.38183594
1469751057089,-0.29589844,1.3496094,0.087402344
1469751057134,-0.36547852,1.1994629,0.14501953
1469751057153,-0.28222656,0.7939453,0.024658203
1469751057188,-0.18823242,1.0266113,0.15991211
1469751057220,0.0087890625,1.2282715,-0.11376953
1469751057252,0.11621094,0.6789551,-0.12207031
1469751057300,0.26831055,0.08496094,-0.11743164
1469751057349,-0.13500977,1.0578613,-0.7729492
1469751057389,-0.14624023,1.3522949,-0.4543457
1469751057427,-0.0871582,0.9499512,-0.45361328
1469751057453,-0.111816406,0.80566406,-0.35961914
1469751057496,-0.17358398,0.7265625,0.19677734
1469751057524,-0.048583984,1.1594238,0.040527344
1469751057567,-0.1015625,0.6179199,0.2290039
1469751057906,-0.096191406,0.9638672,-0.009521484
1469751057983,-0.10058594,1.3671875,-0.18310547
1469751058275,0.05078125,1.3552246,0.11401367
1469751058347,-0.39526367,0.61157227,0.5205078
1469751058382,-0.30688477,0.4880371,0.59594727
1469751058415,-0.33032227,0.53881836,0.7734375
1469751058449,-0.30249023,0.6491699,0.8100586
1469751058483,-0.30981445,0.42285156,0.9296875
1469751058513,-0.34448242,0.44067383,0.91381836
1469751058546,-0.3088379,0.38867188,0.7915039
1469751058581,-0.29785156,0.46435547,0.8366699
1469751058618,-0.28588867,0.41357422,0.8676758
1469751058630,-0.26049805,0.38110352,0.8071289
1469751058682,-0.27270508,0.38623047,0.85546875
1469751058710,-0.30249023,0.45483398,0.8762207
1469751058728,-0.29882813,0.47045898,0.8388672
1469751058784,-0.2553711,0.515625,0.8347168
1469751058797,-0.23754883,0.45654297,0.8178711
1469751058837,-0.21679688,0.41455078,0.84521484
1469751058865,-0.24804688,0.52978516,0.9260254
1469751058895,-0.25219727,0.4753418,0.8569336
1469751058926,-0.24511719,0.47607422,0.81689453
1469751058965,-0.18237305,0.49023438,0.810791
1469751059001,-0.12573242,0.49169922,0.84643555
1469751059045,-0.26220703,0.5344238,0.9748535
1469751059079,-0.30981445,0.49487305,0.8269043
1469751059092,-0.2841797,0.5168457,0.7338867
1469751059147,-0.19555664,0.45336914,0.7338867
1469751059201,-0.24316406,0.48413086,1.0319824
1469751059231,-0.27563477,0.47631836,0.7919922
1469751059263,-0.2956543,0.46801758,0.763916
1469751059279,-0.24804688,0.4465332,0.8342285
1469751059308,-0.19726563,0.4489746,0.8552246
1469751059368,-0.36767578,0.41137695,0.8310547
1469751059403,-0.41186523,0.45361328,0.6984863
1469751059410,-0.5114746,0.5749512,0.70996094
1469751059472,-0.68969727,0.51000977,0.53344727
1469751059479,-0.5332031,0.6323242,0.2878418
1469751059508,-0.453125,0.8718262,0.1328125
1469751059543,-0.32836914,0.87402344,-0.026123047
1469751059576,-0.050048828,0.8605957,0.009033203
1469751059610,0.1484375,0.8713379,0.09277344
1469751059645,0.33618164,0.96484375,-0.09277344
1469751059679,0.33032227,1.2307129,-0.0073242188
1469751059707,0.20507813,1.1787109,-0.13085938
1469751059749,0.18603516,1.3479004,-0.48657227
1469751059776,-0.025146484,1.4204102,-0.32128906
1469751059793,-0.072021484,1.1938477,-0.25317383
1469751059845,0.023925781,0.93481445,-0.5534668
1469751059881,-0.14038086,0.79125977,-0.6958008
1469751059889,-0.3100586,1.0390625,-0.84375
1469751059924,-0.30444336,0.73583984,-0.69555664
1469751059956,-0.3005371,0.75561523,-0.6044922
1469751059991,-0.41259766,0.90966797,-0.4970703
1469751060024,-0.29077148,0.79663086,-0.4128418
1469751060110,-0.20605469,0.7192383,-0.50439453
1469751060138,-0.12426758,0.86206055,-0.7084961
1469751060173,-0.1315918,0.7751465,-0.50219727
1469751060210,-0.072265625,0.6623535,-0.5773926
1469751060223,-0.19848633,0.7697754,-0.51171875
1469751060288,0.1105957,0.6464844,-0.33666992
1469751060325,-0.13696289,1.3427734,-0.55908203
1469751060362,0.045410156,0.7458496,-0.5119629
1469751060372,-0.16064453,0.9458008,-0.3515625
1469751060405,-0.26049805,0.9814453,-0.4802246
1469751060458,-0.123535156,0.9160156,-0.5876465
1469751060474,-0.21289063,0.7976074,-0.28076172
1469751060519,-0.21459961,0.888916,-0.3791504
1469751060549,-0.34326172,1.0292969,-0.16186523
1469751060585,-0.33032227,1.0229492,-0.3083496
1469751060623,-0.3647461,1.0939941,-0.29003906
1469751060661,-0.3708496,0.92871094,-0.08178711
1469751060675,-0.42822266,0.93310547,0.0029296875
1469751060707,-0.36206055,0.8461914,-0.044433594
1469751060735,-0.32641602,0.5554199,0.02758789
1469751060773,-0.44360352,1.2124023,0.75146484
1469751060822,-0.35205078,0.6994629,0.73339844
1469751060855,-0.40966797,0.7783203,0.5024414
1469751060928,-0.5373535,0.5854492,0.72631836
1469751060961,-0.41845703,0.58081055,0.6491699
1469751060998,-0.23901367,0.33911133,0.36914063
1469751061037,-0.28833008,0.7145996,0.22753906
1469751061071,-0.32543945,1.1044922,-0.0073242188
1469751061085,-0.22485352,0.83496094,-0.04638672
1469751061118,-0.1340332,1.0993652,-0.10449219
1469751061159,0.103027344,0.52563477,-0.30126953
1469751061187,-0.34570313,1.0742188,-0.075683594
1469751061509,-0.3635254,1.0703125,-0.328125
1469751061600,-0.13452148,0.9362793,-0.5214844
1469751062073,-0.2607422,0.96875,-0.22875977
1469751062123,-0.3474121,0.9099121,-0.16040039
1469751062161,-0.28686523,0.96191406,-0.19750977
1469751062198,-0.2854004,0.8688965,-0.051757813
1469751062236,-0.2355957,0.8964844,-0.068603516
1469751062253,-0.35131836,0.9230957,-2.4414063E-4
1469751062287,-0.3149414,0.97436523,0.046142578
1469751062313,-0.40161133,0.8432617,0.25390625
1469751062348,-0.49047852,0.6796875,0.1472168
1469751062400,-0.40161133,0.8984375,-0.021240234
1469751062466,-0.37768555,1.0629883,-2.4414063E-4
1469751062512,-0.40039063,1.081543,0.072265625
1469751062549,-0.22705078,0.75805664,0.032958984
1469751062572,-0.16967773,0.66796875,-0.1027832
1469751062610,-0.24438477,0.8198242,-0.24633789
1469751062642,-0.26171875,0.7404785,-0.24584961
1469751062680,-0.32861328,0.9147949,-0.12548828
1469751062709,-0.25195313,1.0195313,-0.40844727
1469751062744,-0.14526367,0.7788086,-0.59643555
1469751062778,-0.21142578,1.020752,-0.6904297
1469751062812,-0.28588867,0.94091797,-0.8305664
1469751062834,-0.32543945,0.9333496,-0.6166992
1469751062869,-0.35620117,0.96313477,-0.57421875
1469751062894,-0.375,0.9001465,-0.5175781
1469751062928,-0.31689453,0.7441406,-0.44335938
1469751062965,-0.29370117,0.8671875,-0.5422363
1469751062980,-0.2783203,0.9968262,-0.5275879
1469751063038,-0.13476563,0.7734375,-0.4663086
1469751063048,-0.25854492,0.7211914,-0.35913086
1469751063086,-0.25390625,1.0041504,-0.48950195
1469751063128,-0.16308594,0.8972168,-0.45336914
1469751063145,-0.15478516,0.63671875,-0.12646484
1469751063179,-0.100097656,0.99780273,-0.24389648
1469751063217,-0.08325195,1.076416,-0.5148926
1469751063247,-0.0146484375,0.9650879,-0.4338379
1469751063276,-0.13305664,0.9140625,-0.17138672
1469751063319,-0.064941406,0.8952637,-0.3581543
1469751063344,-0.08935547,1.0583496,-0.33691406
1469751063378,-0.084228516,0.52978516,-0.548584
1469751063414,-0.18457031,0.7097168,-0.40454102
1469751063447,-0.18847656,1.0712891,-0.45166016
1469751063463,-0.12548828,0.8815918,-0.68652344
1469751063509,-0.1772461,0.8232422,-0.4951172
1469751063543,-0.11669922,0.92456055,-0.35107422
1469751063560,-0.23828125,0.74438477,-0.51464844
1469751063613,-0.25439453,0.7167969,-0.33520508
1469751063638,-0.2019043,0.99658203,-0.58691406
1469751063663,-0.24926758,0.71850586,-0.7519531
1469751063709,-0.119384766,0.45263672,-0.6906738
1469751063726,-0.14282227,0.82543945,-0.78149414
1469751063759,-0.43310547,0.6875,-0.48999023
1469751063798,-0.27514648,0.7150879,-0.5720215
1469751063830,-0.13769531,0.7746582,-0.84472656
1469751063862,-0.16845703,0.7841797,-0.7685547
1469751063892,-0.22607422,0.7468262,-0.50805664
1469751063927,-0.21386719,0.85009766,-0.81347656
1469751063962,-0.2434082,0.7512207,-0.6105957
1469751064000,-0.2319336,0.74560547,-0.5031738
1469751064029,-0.22875977,0.85375977,-0.49047852
1469751064066,-0.33447266,0.8256836,-0.3635254
1469751064111,-0.37646484,0.8798828,-0.29418945
1469751064133,-0.3071289,0.89453125,-0.21411133
1469751064140,-0.18579102,0.9584961,-0.21948242
1469751064180,-0.2043457,1.1833496,-0.24023438
1469751064213,-0.3095703,0.9868164,-0.28735352
1469751064243,-0.39160156,0.91674805,-0.051513672
1469751064273,-0.3947754,0.9963379,0.15234375
1469751064309,-0.43701172,0.6960449,0.38134766
1469751064343,-0.42016602,1.5300293,0.23266602
1469751064382,-0.49658203,0.2763672,0.69628906
1469751064411,-0.453125,0.3869629,0.60961914
1469751064445,-0.3696289,0.20703125,0.73999023
1469751064484,-0.38916016,0.46142578,0.9091797
1469751064517,-0.2993164,0.26391602,0.765625
1469751064550,-0.24365234,0.31640625,0.71484375
1469751064590,-0.2890625,0.33911133,0.8173828
1469751064632,-0.24926758,0.28564453,0.84716797
1469751064664,-0.22387695,0.35131836,0.87597656
1469751064705,-0.27294922,0.3581543,0.88427734
1469751064728,-0.3449707,0.4008789,0.8581543
1469751064764,-0.3696289,0.43554688,0.8876953
1469751064793,-0.38500977,0.5566406,0.90893555
1469751064834,-0.3581543,0.77612305,0.8269043
1469751064861,-0.3232422,-0.038085938,1.0449219
1469751064887,-0.2915039,-0.13208008,1.083252
1469751065194,-0.36035156,0.1274414,0.88671875
1469751065272,-0.2487793,0.8937988,-0.10864258
1469751065591,0.032958984,0.98291016,-0.38867188
1469751065642,-0.30126953,0.67578125,-0.3269043
1469751065656,-0.7961426,0.63964844,-1.0266113
1469751065684,-1.0146484,0.3930664,-1.5385742
1469751065756,-0.5908203,0.69311523,-0.2541504
1469751065799,-0.2788086,0.8623047,-0.25756836
1469751065820,-0.072021484,0.939209,0.076660156
1469751065863,0.19262695,1.0969238,-0.1394043
1469751065885,0.18603516,0.92626953,-0.36914063
1469751065924,-0.6608887,0.625,-0.67285156
1469751065951,-0.87646484,0.44384766,-1.4135742
1469751065993,-0.50146484,0.8339844,-0.8078613
1469751066022,-0.3005371,0.69262695,-0.2890625
1469751066053,-0.19311523,0.9321289,0.06713867
1469751066093,0.048095703,1.3122559,-0.059814453
1469751066119,-0.064941406,0.86450195,-0.24707031
1469751066150,0.052978516,0.9050293,-0.52075195
1469751066168,-0.18457031,0.970459,-0.5354004
1469751066218,-0.40112305,0.736084,-0.28735352
1469751066245,-0.74560547,0.66674805,-1.0949707
1469751066281,-0.5324707,1.0627441,-0.78808594
1469751066319,-0.1965332,0.7426758,-0.11669922
1469751066349,-0.1743164,0.8647461,0.016601563
1469751066383,-0.09033203,1.0473633,-0.17211914
1469751066417,-0.13964844,1.074707,-0.42773438
1469751066463,-0.115722656,0.87646484,-0.43603516
1469751066500,-0.3244629,0.7746582,-0.07421875
1469751066532,-0.30151367,0.85546875,-0.30664063
1469751066567,-0.44995117,1.1315918,-0.23120117
1469751066599,-0.5378418,0.99731445,-0.061035156
1469751066639,-0.61694336,0.954834,0.24414063
1469751066663,-0.45996094,0.9633789,-0.11816406
1469751066700,-0.27001953,0.6982422,-0.2709961
1469751066739,-0.3251953,0.8186035,-0.3112793
1469751066766,-0.25,1.0861816,-0.4140625
1469751066802,-0.14501953,0.9536133,-0.31298828
1469751066875,0.015625,1.1552734,-0.14672852
1469751066922,0.057373047,1.0913086,-0.06201172
1469751066947,0.10131836,1.0605469,0.028564453
1469751066982,0.09667969,0.84643555,0.16259766
1469751067016,0.046142578,0.8466797,0.11279297
1469751067050,-0.010986328,0.82373047,0.06323242
1469751067081,0.06518555,0.70581055,-0.12866211
1469751067115,0.060302734,0.6411133,-0.39233398
1469751067149,-0.8095703,1.2802734,0.19604492
1469751067188,-0.15185547,0.6657715,-0.25024414
1469751067215,-0.37695313,0.94311523,-0.32104492
1469751067233,-0.6411133,1.1369629,-0.123046875
1469751067278,-0.85424805,0.8640137,-0.8063965
1469751067312,-0.7390137,1.1848145,-0.8937988
1469751067329,-0.5107422,1.138916,-0.5214844
1469751067379,-0.32202148,0.98706055,-0.052001953
1469751067405,0.05493164,0.58032227,0.3425293
1469751067434,0.65234375,0.51708984,0.9484863
1469751067506,-0.22875977,0.83251953,-0.36694336
1469751067528,-0.8022461,1.2307129,-0.56884766
1469751067562,-0.9572754,1.1687012,-1.4438477
1469751067597,-0.48950195,0.8532715,-0.7126465
1469751067630,-0.21801758,0.5517578,0.024169922
1469751067661,0.61279297,0.48120117,0.9958496
1469751067693,-0.033691406,1.097168,0.21533203
1469751067728,-0.38330078,1.1567383,-0.44580078
1469751067760,-0.60961914,1.0148926,-0.45361328
1469751067797,-0.44091797,1.0895996,-0.73217773
1469751067814,-0.36499023,0.9123535,-0.79833984
1469751067860,-0.28125,0.8847656,-0.24121094
1469751067893,-0.1574707,0.87353516,-0.29345703
1469751067910,-0.2253418,0.7727051,-0.34179688
1469751067948,-0.421875,1.0029297,-0.10083008
1469751067977,-0.3552246,1.1652832,-0.1459961
1469751068013,-0.34570313,1.0319824,-0.14233398
1469751068047,-0.3466797,0.9592285,-0.0107421875
1469751068076,-0.22998047,1.1108398,-0.044921875
1469751068108,-0.31054688,1.1491699,-0.032226563
1469751068156,-0.50268555,1.1755371,0.026855469
1469751068178,-0.5058594,0.7648926,-0.038085938
1469751068211,-0.5708008,0.7109375,0.056640625
1469751068246,-0.37329102,0.8195801,0.35083008
1469751068276,-0.5344238,0.74194336,0.24414063
1469751068308,-0.5048828,1.0395508,0.02734375
1469751068343,-0.5463867,0.94677734,-0.035888672
1469751068359,-0.5600586,0.79174805,-0.34814453
1469751068657,-0.37329102,0.9814453,0.045166016
1469751068705,-0.4104004,0.90185547,-0.10546875
1469751068739,-0.30444336,0.6965332,0.2055664
1469751069028,-0.46020508,0.8137207,0.09423828
1469751069095,-0.17773438,1.1635742,0.13745117
1469751069118,-0.39160156,0.8430176,0.123046875
1469751069153,-0.3479004,0.92626953,-0.059326172
1469751069188,-0.36108398,0.8371582,0.18237305
1469751069225,-0.32348633,0.8413086,0.11694336
1469751069269,-0.4987793,0.89086914,0.17114258
1469751069303,-0.49267578,0.93969727,2.4414063E-4
1469751069345,-0.5007324,0.99902344,0.15893555
1469751069362,-0.4633789,0.7734375,0.2631836
1469751069440,-0.53344727,0.78930664,0.09765625
1469751069465,-0.42407227,0.88134766,-0.025878906
1469751069503,-0.39404297,0.9484863,-0.21240234
1469751069535,-0.21289063,1.114502,-0.28271484
1469751069568,-0.16455078,0.95043945,-0.27612305
1469751069605,-0.10571289,0.8515625,-0.38232422
1469751069639,-0.025390625,1.0214844,-0.375
1469751069650,-0.009765625,0.91748047,-0.41870117
1469751069707,0.013916016,0.8857422,-0.5476074
1469751069720,-0.012939453,0.88916016,-0.65771484
1469751069758,-0.107177734,0.6911621,-0.6098633
1469751069790,-0.36816406,0.7167969,-0.3984375
1469751069823,-0.29541016,0.67407227,-0.5
1469751069870,-0.20483398,0.79174805,-0.60961914
1469751069884,-0.21850586,0.79003906,-0.51293945
1469751069919,-0.30273438,0.7927246,-0.6533203
1469751069939,-0.36254883,0.875,-0.84887695
1469751069988,-0.34448242,0.8129883,-0.8364258
1469751070005,-0.09472656,0.7011719,-0.46240234
1469751070039,-0.107421875,0.94433594,-0.14916992
1469751070089,-0.0871582,0.8618164,-0.3791504
1469751070100,-0.23852539,0.8474121,-0.50683594
1469751070134,-0.34594727,0.79125977,-0.642334
1469751070170,-0.29736328,0.9499512,-0.7158203
1469751070203,-0.16552734,0.6647949,-0.57714844
1469751070238,-0.24633789,0.6464844,-0.42749023
1469751070265,-0.064453125,0.842041,-0.36791992
1469751070299,-0.19628906,0.86157227,-0.4182129
1469751070345,-0.23242188,0.86694336,-0.5073242
1469751070368,-0.20678711,0.83740234,-0.3996582
1469751070402,-0.10083008,0.9033203,-0.2578125
1469751070419,-0.15795898,1.0620117,-0.3071289
1469751070464,-0.14038086,0.9824219,-0.42919922
1469751070499,-0.1171875,0.7805176,-0.4194336
1469751070515,-0.13256836,0.8071289,-0.4050293
1469751070568,-0.16577148,0.9465332,-0.34472656
1469751070586,-0.20947266,0.8232422,-0.24047852
1469751070618,-0.18896484,0.9321289,-0.28930664
1469751070666,-0.18530273,1.0783691,-0.42822266
1469751070693,-0.21240234,1.0466309,-0.38793945
1469751070717,-0.30688477,1.0361328,-0.2680664
1469751070751,-0.4206543,1.0214844,-0.21191406
1469751070783,-0.33642578,1.0537109,-0.11352539
1469751070823,-0.30371094,0.7565918,-0.052246094
1469751070858,-0.10888672,0.8317871,0.045166016
1469751070893,-0.111328125,0.8869629,-0.115722656
1469751070925,-0.087402344,0.8913574,-0.125
1469751070962,-0.119384766,0.9675293,-0.26464844
1469751071001,-0.32861328,1.2185059,-0.25512695
1469751071063,-0.29345703,0.9355469,-0.32861328
1469751071101,-0.23876953,0.88623047,-0.34838867
1469751071172,-0.21875,1.1323242,-0.36010742
1469751071202,-0.25512695,1.0625,-0.4260254
1469751071236,-0.21191406,1.0703125,-0.44335938
1469751071269,-0.22607422,0.89501953,-0.3618164
1469751071306,-0.21411133,0.9902344,-0.359375
1469751071340,-0.24023438,0.9760742,-0.3564453
1469751071375,-0.11303711,0.93652344,-0.37548828
1469751071407,-0.053955078,0.9362793,-0.26611328
1469751071442,-0.10620117,0.8930664,-0.041503906
1469751071475,-0.14379883,0.8327637,-0.2055664
1469751071511,-0.19726563,0.9921875,-0.32788086
1469751071547,-0.23852539,1.0402832,-0.29370117
1469751071586,-0.29760742,0.8779297,-0.30297852
1469751071651,-0.30371094,1.0368652,-0.40454102
1469751071662,-0.25610352,0.6921387,-0.39697266
1469751071686,-0.2685547,1.0053711,-0.28125
1469751072003,-0.1586914,0.88549805,-0.27392578
1469751072076,-0.20874023,1.3056641,0.05029297
1469751072384,-0.17626953,0.7441406,0.21679688
1469751072458,-0.33007813,1.3044434,0.23022461
1469751072492,-0.24975586,1.1711426,0.015380859
1469751072526,-0.2861328,0.9494629,0.123535156
1469751072559,-0.27929688,0.85131836,0.2927246
1469751072593,-0.35058594,0.9172363,0.23266602
1469751072628,-0.5576172,0.9074707,0.88720703
1469751072657,-0.4189453,1.2783203,0.42016602
1469751072695,-0.23144531,0.85180664,0.39746094
1469751072709,-0.33862305,0.7055664,0.5769043
1469751072748,-0.49780273,0.7429199,0.48901367
1469751072779,-0.5866699,0.986084,0.61279297
1469751072809,-0.44580078,0.6308594,0.57055664
1469751072843,-0.3408203,0.5661621,0.51049805
1469751072875,-0.09375,0.46435547,0.53930664
1469751072913,-0.35009766,0.72802734,0.7451172
1469751072941,-0.28051758,0.4880371,0.5715332
1469751072975,-0.2319336,0.48388672,0.7363281
1469751073012,-0.3408203,0.5024414,0.84155273
1469751073038,-0.46435547,0.6828613,0.8901367
1469751073074,-0.48901367,0.9001465,0.6123047
1469751073114,-0.45996094,0.5839844,0.6574707
1469751073151,-0.31884766,0.38867188,0.72680664
1469751073181,-0.3642578,0.8330078,0.62231445
1469751073193,-0.34545898,0.70043945,0.5456543
1469751073226,-0.3959961,0.60375977,0.5437012
1469751073285,-0.36987305,0.81933594,0.40429688
1469751073290,-0.3371582,0.765625,0.36547852
1469751073322,-0.2902832,0.7451172,0.06738281
1469751073358,-0.2319336,1.1704102,-0.0078125
1469751073391,-0.28637695,0.96313477,0.015380859
1469751073425,-0.4189453,0.48291016,-0.3815918
1469751073458,0.020507813,1.0270996,-0.3791504
1469751073490,-0.38842773,0.9147949,-0.06347656
1469751073526,-0.41430664,0.8791504,-0.4177246
1469751073564,-0.29223633,1.001709,-0.52075195
1469751073596,-0.28393555,0.87939453,-0.45092773
1469751073606,-0.28051758,0.82055664,-0.39453125
1469751073664,-0.2626953,0.8305664,-0.5966797
1469751073723,-0.23144531,0.798584,-0.49853516
1469751073765,-0.3334961,0.7651367,-0.66381836
1469751073773,-0.37036133,0.72094727,-0.671875
1469751073805,-0.2788086,0.77612305,-0.57128906
1469751073881,-0.27246094,0.7687988,-0.5480957
1469751073904,-0.29760742,0.8366699,-0.51538086
1469751073983,-0.27270508,0.8791504,-0.38085938
1469751074007,-0.2932129,0.88623047,-0.41088867
1469751074050,-0.28515625,0.875,-0.3400879
1469751074077,-0.32250977,0.9030762,-0.41186523
1469751074109,-0.2890625,0.86621094,-0.4309082
1469751074146,-0.28710938,0.76416016,-0.31567383
1469751074178,-0.3166504,0.77368164,-0.3347168
1469751074234,-0.29345703,0.88134766,-0.38232422
1469751074267,-0.24902344,0.8613281,-0.43115234
1469751074284,-0.29052734,0.88378906,-0.45483398
1469751074335,-0.29418945,0.8598633,-0.5683594
1469751074353,-0.19946289,0.8132324,-0.5612793
1469751074388,-0.23803711,0.86035156,-0.53466797
1469751074437,-0.2331543,0.7775879,-0.50146484
1469751074453,-0.13330078,0.80737305,-0.41235352
1469751074485,-0.29418945,0.87353516,-0.4729004
1469751074534,-0.20751953,0.91967773,-0.6555176
1469751074553,-0.15698242,0.9602051,-0.55029297
1469751074588,-0.036132813,0.7375488,-0.38110352
1469751074621,-0.15795898,0.951416,-0.19189453
1469751074648,0.012451172,0.98583984,-0.4650879
1469751074683,-0.16308594,0.98657227,-0.3942871
1469751074738,-0.14453125,0.80615234,-0.19067383
1469751074753,-0.013427734,0.99902344,-0.1784668
1469751074773,-0.13671875,0.8952637,-0.29882813
1469751074828,-0.1928711,1.0737305,-0.44921875
1469751074854,-0.060058594,0.8017578,-0.3334961
1469751074864,-0.22509766,1.0810547,-0.088134766
1469751074924,-0.23583984,0.93530273,-0.30444336
1469751074933,-0.24951172,1.0324707,-0.36889648
1469751074966,-0.3149414,0.9580078,-0.13989258
1469751075006,-0.32226563,0.9436035,0.012207031
1469751075040,-0.20458984,1.2167969,-0.2770996
1469751075064,-0.25952148,1.1083984,-0.26171875
1469751075098,-0.3305664,0.59936523,0.22851563
1469751075132,-0.26733398,1.2780762,0.050048828
1469751075167,-0.32299805,1.1479492,0.13110352
1469751075465,-0.35058594,0.42382813,0.8491211
1469751075498,-0.2565918,0.2614746,0.72631836
1469751075513,-0.22827148,0.49682617,0.7324219
1469751075834,-0.4724121,0.48266602,0.9645996
1469751075916,-0.11816406,1.0310059,-0.32543945
1469751075929,-0.15161133,1.4338379,-0.35839844
1469751075982,-0.24389648,0.6237793,-0.23535156
1469751075998,-0.06518555,1.2021484,-0.40820313
1469751076026,-0.19580078,0.7998047,-0.27563477
1469751076084,-0.13012695,0.83374023,-0.4638672
1469751076094,-0.2705078,1.0849609,0.036132813
1469751076128,-0.25683594,1.1157227,-0.12841797
1469751076164,-0.27270508,1.28125,-0.16210938
1469751076198,-0.37036133,0.6105957,0.21166992
1469751076233,-0.30737305,1.4628906,0.22045898
1469751076261,-0.24804688,0.66015625,0.38378906
1469751076294,-0.50146484,0.9782715,0.22705078
1469751076329,0.07104492,0.5083008,0.8054199
1469751076371,-0.44140625,1.0600586,0.6003418
1469751076395,-0.4597168,0.64941406,0.46826172
1469751076415,-0.3894043,1.1237793,0.5488281
1469751076458,-0.28515625,0.54296875,0.88305664
1469751076493,-0.15283203,0.25805664,0.8532715
1469751076510,-0.26782227,0.49291992,0.86206055
1469751076562,-0.33666992,0.58325195,0.7453613
1469751076578,-0.35498047,0.27270508,0.8618164
1469751076612,-0.35375977,0.38671875,0.87280273
1469751076642,-0.41015625,0.19335938,0.79296875
1469751076675,-0.39160156,0.041503906,0.9394531
1469751076709,-0.39379883,0.18432617,0.92407227
1469751076744,-0.43774414,0.07446289,0.7241211
1469751076778,-0.49365234,0.2199707,0.85131836
1469751076812,-0.47827148,0.079833984,0.9929199
1469751076845,-0.40673828,-0.05102539,0.8703613
1469751076875,-0.44189453,0.13745117,0.9370117
1469751076915,-0.31958008,0.23803711,0.8552246
1469751076944,-0.35229492,0.0925293,0.96484375
1469751076984,-0.34838867,0.07324219,0.9543457
1469751076994,-0.40844727,0.08911133,0.8059082
1469751077039,-0.45751953,0.02758789,0.90722656
1469751077076,-0.46044922,0.23168945,0.9042969
1469751077096,-0.36938477,0.31445313,0.82788086
1469751077126,-0.41455078,0.23095703,0.8210449
1469751077161,-0.35107422,0.3203125,0.828125
1469751077195,-0.3408203,0.38745117,0.87524414
1469751077222,-0.36645508,0.3696289,0.95703125
1469751077266,-0.2932129,0.36499023,0.8691406
1469751077289,-0.2993164,0.6936035,0.69140625
1469751077329,-0.33813477,0.69262695,0.6879883
1469751077358,-0.39990234,0.4440918,0.6809082
1469751077392,-0.47998047,0.38330078,0.73413086
1469751077420,-0.13549805,1.5378418,0.3178711
1469751077455,-0.079833984,0.42895508,0.2253418
1469751077490,-0.20800781,0.7314453,0.17553711
1469751077530,-0.15673828,1.0688477,-0.17895508
1469751077540,-0.2849121,0.7224121,-0.25610352
1469751077574,-0.33129883,1.0993652,-0.32006836
1469751077608,-0.33007813,0.88671875,-0.44189453
1469751077638,-0.40112305,1.0700684,-0.42993164
1469751077670,-0.31958008,1.0087891,-0.43115234
1469751077710,-0.21704102,0.8515625,-0.3708496
1469751077749,-0.23413086,0.9465332,-0.44311523
1469751077784,-0.14013672,0.8496094,-0.45141602
1469751077820,-0.3347168,1.0598145,-0.27124023
1469751077854,-0.19921875,0.9785156,-0.5891113
1469751077887,-0.28857422,1.012207,-0.7692871
1469751077924,-0.28808594,0.6508789,-0.46142578
1469751077958,-0.2722168,0.9169922,-0.41870117
1469751078025,-0.39794922,0.68774414,-0.31323242
1469751078038,-0.3017578,0.9890137,-0.33764648
1469751078061,-0.25561523,0.9343262,-0.66259766
1469751078107,-0.3857422,0.94750977,0.092285156
1469751078121,-0.31420898,1.0065918,-0.12988281
1469751078155,-0.26245117,0.9328613,0.021484375
1469751078197,-0.34521484,1.1374512,-0.11645508
1469751078232,-0.44799805,1.1696777,-0.009765625
1469751078266,-0.30322266,1.3444824,0.21972656
1469751078287,-0.2446289,0.73706055,-0.060546875
1469751078319,-0.36450195,1.5014648,-0.026123047
1469751078356,-0.33569336,0.5883789,0.3203125
1469751078403,-0.20654297,0.9296875,0.107666016
1469751078416,-0.3552246,0.81762695,0.18896484
1469751078472,-0.29614258,0.79541016,0.14697266
1469751078486,-0.2421875,0.8598633,0.20410156
1469751078519,-0.20825195,1.0351563,-0.038330078
1469751078553,-0.18457031,1.0083008,-0.041503906
1469751078587,-0.28955078,0.9394531,-0.02734375
1469751078886,-0.3100586,0.892334,-0.37475586
1469751078940,-0.32958984,0.9733887,-0.33911133
1469751078968,-0.30541992,0.87939453,-0.4621582
1469751079006,-0.3310547,0.9782715,-0.41015625
1469751079093,-0.3071289,0.7661133,-0.35253906
1469751079100,-0.33129883,1.0175781,-0.35253906
1469751079118,-0.30126953,0.7763672,-0.30566406
1469751079168,-0.24804688,0.95288086,-0.40966797
1469751079188,-0.2692871,0.97998047,-0.40234375
1469751079219,-0.24975586,0.8417969,-0.3449707
1469751079266,-0.26000977,0.9777832,-0.43359375
1469751079282,-0.27783203,1.0522461,-0.36206055
1469751079321,-0.1965332,0.9458008,-0.2878418
1469751079350,-0.24853516,0.7807617,-0.22436523
1469751079385,-0.21679688,1.0444336,-0.4284668
1469751079420,-0.12963867,0.8911133,-0.37402344
1469751079457,-0.24951172,0.8796387,-0.36132813
1469751079488,-0.13500977,0.86743164,-0.38793945
1469751079529,-0.1459961,1.0268555,-0.2878418
1469751079562,-0.10913086,0.67749023,-0.3527832
1469751079601,-0.20166016,0.9963379,-0.04321289
1469751079660,-0.1616211,0.8286133,-0.14355469
1469751079680,-0.033447266,0.9807129,0.045898438
1469751079697,-0.0031738281,0.9301758,0.18603516
1469751079767,-0.16918945,0.7807617,-0.03515625
1469751079802,-0.26245117,0.8486328,-0.08886719
1469751079847,-0.3010254,0.9733887,0.20361328
1469751079862,-0.31640625,1.1687012,-0.041748047
1469751079897,-0.25610352,1.1633301,0.111328125
1469751079939,-0.22802734,0.6755371,0.31201172
1469751079973,-0.15698242,0.8911133,0.21240234
1469751080008,-0.2565918,1.2429199,0.4091797
1469751080048,-0.38500977,0.6689453,0.8703613
1469751080083,-0.30541992,0.6442871,0.8195801
1469751080116,-0.27807617,0.6953125,0.6604004
1469751080145,-0.39916992,0.56030273,0.76904297
1469751080190,-0.5463867,0.6672363,0.7495117
1469751080233,-0.5078125,0.33496094,0.8300781
1469751080262,-0.3762207,0.4091797,0.54174805
1469751080285,-0.44140625,0.8757324,0.8083496
1469751080329,-0.3552246,0.4633789,0.92333984
1469751080358,-0.23828125,0.3725586,0.91137695
1469751080389,-0.14038086,0.123046875,0.5632324
1469751080427,-0.2619629,0.9785156,0.5703125
1469751080459,-0.32861328,0.7480469,0.48388672
1469751080493,-0.27929688,0.8364258,0.33984375
1469751080526,-0.4572754,0.9641113,0.58447266
1469751080561,-0.15649414,1.1894531,0.5444336
1469751080596,-0.06225586,0.5131836,0.17163086
1469751080609,-0.19238281,0.8034668,-0.15039063
1469751080642,-0.25195313,1.1398926,-0.19360352
1469751080677,-0.16210938,1.0344238,-0.3918457
1469751080711,-0.17358398,0.84155273,-0.33691406
1469751080745,-0.3071289,0.8371582,-0.19335938
1469751080762,-0.38061523,1.2353516,-0.22241211
1469751080808,-0.29956055,0.8095703,-0.47387695
1469751080842,-0.2631836,0.7072754,-0.50439453
1469751080872,-0.19946289,0.9663086,-0.7338867
1469751080910,-0.3190918,0.8034668,-0.6074219
1469751080944,-0.40307617,0.7890625,-0.49414063
1469751080979,-0.41430664,0.92578125,-0.548584
1469751081018,-0.31713867,0.8996582,-0.6369629
1469751081024,-0.29370117,0.86743164,-0.70947266
1469751081058,-0.24389648,0.84228516,-0.61206055
1469751081093,-0.21679688,0.73876953,-0.50805664
1469751081131,-0.17382813,0.6364746,-0.47021484
1469751081160,-0.26245117,0.87597656,-0.36743164
1469751081197,-0.29833984,0.78271484,-0.26904297
1469751081229,-0.2602539,0.9187012,-0.29907227
1469751081264,-0.29760742,1.0202637,-0.27416992
1469751081291,-0.2939453,0.9199219,-0.20629883
1469751081326,-0.2788086,1.0878906,-0.10571289
1469751081347,-0.25854492,1.0483398,-0.007080078
1469751081378,-0.1628418,0.9309082,-0.027832031
1469751081422,-0.114746094,0.77246094,-0.20288086
1469751081439,-0.16381836,0.9296875,-0.21972656
1469751081473,-0.16357422,0.9782715,-0.15478516
1469751081507,-0.22021484,0.717041,-0.07397461
1469751081542,-0.2697754,0.86083984,-0.005859375
1469751081587,-0.18676758,0.7270508,-0.033203125
1469751081605,-0.21459961,0.88427734,-0.16235352
1469751081897,-0.20678711,1.0263672,-0.26660156
1469751081960,-0.2434082,0.96655273,-0.4128418
1469751081993,-0.26391602,1.0209961,-0.37646484
1469751082283,-0.23144531,1.1269531,-0.19799805
1469751082378,-0.14257813,0.78271484,-0.11791992
1469751082402,-0.24780273,0.9206543,0.08691406
1469751082475,-0.14160156,0.95288086,-0.068359375
1469751082506,-0.21582031,1.076416,-0.18798828
1469751082549,-0.22949219,1.0917969,-0.27685547
1469751082573,-0.23608398,1.0808105,-0.27124023
1469751082608,-0.2043457,1.001709,-0.12646484
1469751082642,-0.21777344,0.98779297,-0.03173828
1469751082677,-0.21142578,0.9655762,0.08935547
1469751082711,-0.38378906,1.017334,0.2006836
1469751082747,-0.21679688,0.8942871,-0.37158203
1469751082779,-0.2524414,0.8198242,0.15014648
1469751082788,-0.25585938,0.6225586,0.48950195
1469751082849,-0.28735352,1.0205078,0.5661621
1469751082886,-0.20874023,0.49560547,0.21826172
1469751082937,-0.32470703,0.8913574,0.31884766
1469751082954,-0.34350586,0.9741211,0.42700195
1469751082987,-0.34643555,0.9016113,0.35058594
1469751083033,-0.25585938,0.9987793,0.2836914
1469751083049,-0.25073242,1.0236816,0.32006836
1469751083092,-0.2668457,0.9194336,0.28100586
1469751083120,-0.23779297,0.93774414,0.28588867
1469751083152,-0.23876953,0.8432617,0.20703125
1469751083195,-0.19726563,0.93188477,0.10644531
1469751083214,-0.17016602,0.9694824,0.18261719
1469751083250,-0.16699219,1.0097656,0.17871094
1469751083283,-0.09301758,0.8691406,0.17797852
1469751083321,-0.09326172,0.9753418,0.15454102
1469751083350,-0.1340332,0.88061523,0.19067383
1469751083368,-0.14477539,1.1462402,0.0703125
1469751083414,-0.19213867,0.95947266,0.16577148
1469751083448,-0.15063477,1.1164551,0.14331055
1469751083467,-0.13671875,1.1225586,0.043701172
1469751083519,-0.15405273,1.0566406,0.007080078
1469751083533,-0.16821289,1.0703125,-0.0012207031
1469751083569,-0.13745117,1.0546875,-0.0026855469
1469751083614,-0.16186523,0.9824219,-0.056640625
1469751083630,-0.1508789,0.99438477,-0.08276367
1469751083665,-0.14672852,0.98706055,-0.07128906
1469751083704,-0.22021484,0.8823242,-0.111816406
1469751083735,-0.24291992,0.93408203,-0.1015625
1469751083767,-0.29077148,0.9199219,-0.08520508
1469751083799,-0.29125977,0.93774414,-0.17504883
1469751083829,-0.28759766,0.9790039,-0.1237793
1469751083863,-0.34399414,0.9416504,-0.15185547
1469751083909,-0.40722656,0.9440918,-0.123046875
1469751083933,-0.4020996,0.9152832,-0.11767578
1469751083965,-0.37231445,0.9160156,-0.119140625
1469751083995,-0.36767578,0.87841797,-0.11743164
1469751084034,-0.31811523,0.91796875,-0.0949707
1469751084070,-0.24951172,0.94750977,-0.061035156
1469751084104,-0.24365234,0.9638672,-0.033935547
1469751084133,-0.26220703,0.98535156,-0.01586914
1469751084168,-0.27026367,0.9692383,-0.028076172
1469751084202,-0.28076172,0.99072266,-0.027832031
1469751084214,-0.29077148,0.9794922,-0.04272461
1469751084245,-0.26489258,0.9875488,-0.04663086
1469751084281,-0.2619629,0.9824219,-0.06665039
1469751084317,-0.21386719,0.97094727,-0.046142578
1469751084347,-0.2434082,0.9641113,-0.052978516
1469751084390,-0.24584961,0.982666,-0.07397461
1469751084412,-0.26416016,0.9682617,-0.05908203
1469751084447,-0.27270508,0.967041,-0.06665039
1469751084487,-0.29516602,0.96777344,-0.064208984
1469751084517,-0.2927246,0.9628906,-0.0690918
1469751084552,-0.29370117,0.93481445,-0.07885742
1469751084590,-0.29956055,0.96899414,-0.068359375
1469751084618,-0.28881836,0.9436035,-0.05834961
1469751084627,-0.26904297,0.93408203,-0.04296875
1469751084708,-0.23388672,0.9499512,-0.052978516
1469751084729,-0.25732422,0.98999023,-0.040527344
1469751084796,-0.28198242,0.96118164,-0.072021484
1469751084827,-0.3071289,0.96362305,-0.064941406
1469751084870,-0.2763672,0.9609375,-0.037597656
1469751084895,-0.28759766,0.9609375,-0.013671875
1469751084932,-0.2849121,0.95751953,-0.037109375
1469751085244,-0.2705078,0.9902344,-0.03515625
1469751085314,-0.23706055,0.9968262,-0.0637207
1469751085343,-0.19262695,1.0151367,-0.064453125
1469751085669,-0.29736328,0.90283203,-0.0690918
1469751085830,-0.30639648,0.9375,-0.053222656
1469751085878,-0.38085938,0.9489746,-0.14135742
1469751085889,-0.70703125,0.87890625,-0.14624023
1469751085924,-0.40576172,0.8835449,0.14038086
1469751085969,-0.39868164,0.90234375,-0.07080078
1469751085987,-0.4555664,0.8371582,-0.29125977
1469751086022,-0.6687012,0.8469238,-0.17114258
1469751086067,-0.5500488,0.79125977,-0.24707031
1469751086089,-0.4128418,0.8195801,-0.21362305
1469751086125,-0.1574707,0.8112793,-0.17138672
1469751086141,-0.0034179688,0.82299805,-0.0126953125
1469751086174,-0.006591797,0.8449707,0.15014648
1469751086239,0.036376953,1.4411621,0.25341797
1469751086282,0.038085938,1.453125,0.2241211
1469751086317,-0.08081055,1.4162598,0.27294922
1469751086353,-0.09082031,1.3427734,0.17749023
1469751086388,-0.16381836,1.1945801,0.099121094
1469751086421,-0.20996094,1.0622559,0.1340332
1469751086458,-0.16967773,0.7019043,0.06933594
1469751086488,-0.11791992,0.6364746,0.047851563
1469751086522,-0.047607422,0.6430664,0.010253906
1469751086561,0.103759766,0.38427734,0.2709961
1469751086603,-0.020751953,0.25585938,0.50805664
1469751086636,-0.1628418,0.29492188,0.70043945
1469751086661,-0.50268555,2.008789,-0.21459961
1469751086704,-0.97680664,1.5751953,0.7763672
1469751086732,-0.30419922,1.4758301,0.51293945
1469751086766,0.13867188,1.4321289,0.29418945
1469751086802,0.053955078,0.99487305,0.2788086
1469751086834,0.114746094,0.86035156,0.2956543
1469751086869,0.16796875,0.6152344,0.25170898
1469751086904,0.2397461,0.6567383,0.12182617
1469751086939,0.3684082,0.44921875,0.119140625
1469751086973,0.13549805,1.2211914,0.6308594
1469751086986,-0.30664063,0.5891113,0.3791504
1469751087017,-1.5412598,1.3828125,0.3154297
1469751087052,-1.0080566,1.7670898,0.203125
1469751087085,-0.27270508,1.0231934,0.21557617
1469751087120,0.36328125,0.41577148,0.07543945
1469751087148,0.8154297,-0.029052734,-0.14868164
1469751087183,0.9277344,0.35253906,-0.48339844
1469751087218,0.44506836,1.9731445,-0.70874023
1469751087250,0.017578125,1.2370605,-0.76049805
1469751087289,-0.34716797,1.4240723,-0.49243164
1469751087357,-0.69384766,-0.17382813,0.13916016
1469751087401,0.54174805,1.1843262,-0.5073242
1469751087433,0.53027344,1.7807617,-0.5131836
1469751087468,0.5012207,0.6538086,-0.47192383
1469751087501,0.091796875,0.6208496,0.17016602
1469751087534,-0.5078125,0.7355957,0.2084961
1469751087578,-0.73339844,1.5888672,-0.3815918
1469751087598,-0.12963867,1.3217773,-0.41357422
1469751087633,0.37646484,1.029541,-0.3684082
1469751087667,0.43798828,0.76708984,-0.016601563
1469751087700,0.37329102,0.732666,0.0061035156
1469751087719,0.1965332,0.904541,0.020507813
1469751087770,-0.18261719,1.0749512,0.3984375
1469751087801,-0.028564453,1.0415039,-0.023925781
1469751087816,0.11621094,0.8730469,-0.02734375
1469751087865,-0.11010742,1.0539551,0.34643555
1469751087882,-0.30151367,0.18261719,0.7487793
1469751087917,0.16503906,0.71850586,-0.6213379
1469751087956,-0.9597168,2.1899414,-0.3251953
1469751087979,-0.49145508,1.1762695,0.6032715
1469751088013,-0.24829102,0.9680176,0.42919922
1469751088047,0.12646484,0.98535156,0.10644531
1469751088082,0.087890625,1.0209961,0.12939453
1469751088117,0.06542969,0.9692383,0.034423828
1469751088153,-0.041259766,0.8942871,0.3371582
1469751088182,-0.053710938,0.74975586,0.3408203
1469751088213,-0.06201172,0.7939453,0.14111328
1469751088247,-0.17773438,1.2512207,0.49072266
1469751088281,-0.32470703,1.104248,0.11694336
1469751088301,-0.48242188,-0.80566406,1.2727051
1469751088351,-0.6308594,1.4731445,-0.7631836
1469751088365,-0.19165039,1.3918457,0.2927246
1469751088394,-0.19140625,0.87719727,0.25146484
1469751088692,-0.087646484,0.8828125,0.5854492
1469751088749,-0.44604492,0.6767578,0.6982422
1469751088793,-0.55126953,1.3186035,-0.55981445
1469751088827,0.009277344,1.5236816,0.26586914
1469751088888,-0.04296875,0.63305664,0.20996094
1469751088931,-0.107910156,0.6027832,0.2836914
1469751088956,-0.20678711,0.7531738,0.17211914
1469751088989,-0.2590332,0.6508789,0.07299805
1469751089036,-0.19140625,0.8095703,0.19458008
1469751089059,-0.12011719,0.5732422,0.13427734
1469751089093,-0.10253906,0.84594727,0.19750977
1469751089128,-0.29052734,1.5427246,0.12866211
1469751089162,-0.15209961,1.5400391,0.11791992
1469751089174,0.047607422,1.7072754,0.072753906
1469751089208,0.21240234,1.3400879,-0.06518555
1469751089244,0.26220703,1.3203125,-0.032226563
1469751089277,0.22436523,1.2214355,0.0126953125
1469751089313,0.28857422,1.1274414,-0.022949219
1469751089344,0.29370117,1.0708008,0.039794922
1469751089362,0.37231445,0.9016113,-0.056884766
1469751089408,0.42089844,0.91064453,0.22973633
1469751089442,0.53930664,0.97216797,0.10424805
1469751089460,0.52441406,0.5732422,0.14892578
1469751089514,0.56689453,0.7631836,0.17675781
1469751089527,0.5671387,0.73706055,0.27490234
1469751089579,0.67333984,0.28442383,0.07714844
1469751089614,0.62524414,0.40478516,0.25561523
1469751089625,0.5217285,0.5878906,0.38427734
1469751089675,0.5373535,0.66967773,0.39819336
1469751089694,0.5698242,0.92700195,0.40600586
1469751089727,0.6298828,0.89746094,0.37890625
1469751089761,0.8015137,0.9211426,0.5036621
1469751089791,0.765625,0.7832031,0.26733398
1469751089825,0.84472656,0.72631836,0.30932617
1469751089858,0.8586426,0.576416,0.3527832
1469751089897,0.95703125,0.7102051,0.19628906
1469751089925,0.9123535,0.703125,0.1418457
1469751089949,0.6364746,0.7800293,0.21655273
1469751089988,0.89453125,0.38183594,0.025878906
1469751090022,0.9030762,0.18408203,0.09399414
1469751090039,0.9772949,0.17236328,-0.08691406
1469751090096,1.0134277,0.029052734,-0.3251953
1469751090108,0.8078613,-0.045166016,-0.123535156
1469751090142,0.65063477,0.1862793,-0.025634766
1469751090170,0.34521484,0.22265625,0.11767578
1469751090204,0.029541016,0.57714844,0.18920898
1469751090240,0.095703125,0.50024414,0.94873047
1469751090280,0.46948242,0.8117676,0.4736328
1469751090308,0.7319336,0.6333008,1.3039551
1469751090342,0.8183594,0.2109375,1.1601563
1469751090378,0.55737305,0.532959,0.6345215
1469751090411,0.5065918,0.3791504,-0.028320313
1469751090445,0.45288086,0.14257813,-0.37329102
1469751090483,0.52978516,0.04296875,-0.7602539
1469751090523,0.61376953,0.2980957,-0.5617676
1469751090557,0.63549805,0.7714844,-0.15527344
1469751090586,0.5900879,0.41552734,-0.008300781
1469751090621,0.3137207,0.77856445,-0.16772461
1469751090656,0.049560547,1.9304199,0.19555664
1469751090688,0.4140625,1.4697266,0.017822266
1469751090724,0.50756836,0.96533203,-0.25195313
1469751090757,0.4638672,0.8408203,-0.579834
1469751090793,0.18310547,0.98217773,-0.64038086
1469751090825,0.22558594,1.168457,-0.45483398
1469751090861,0.20019531,1.1975098,-0.88916016
1469751090894,0.13549805,1.1311035,-1.0559082
1469751090928,0.23022461,0.64282227,-0.8952637
1469751090963,0.24169922,0.45141602,-1.1418457
1469751090998,-0.053222656,0.8937988,-0.8095703
1469751091032,0.10205078,1.1992188,-0.80371094
1469751091076,0.1430664,1.0925293,-0.46069336
1469751091103,0.23022461,1.2900391,-0.5827637
1469751091138,0.09838867,1.361084,-0.51049805
1469751091182,0.15991211,0.91552734,0.0053710938
1469751091203,0.29541016,0.8972168,-0.15454102
1469751091247,0.05493164,0.6159668,-0.40722656
1469751091273,-0.05493164,0.40161133,0.40405273
1469751091306,0.06933594,0.14916992,-0.2734375
1469751091340,-0.10131836,0.9992676,-0.19946289
1469751091376,0.1730957,0.66845703,-0.1184082
1469751091409,0.21850586,0.6503906,-0.2800293
1469751091446,0.08569336,0.8991699,0.16699219
1469751091487,0.38793945,1.1877441,-0.080566406
1469751091553,0.31835938,1.5366211,-0.61328125
1469751091584,0.20141602,0.8684082,-0.6520996
1469751091934,0.13549805,0.96606445,0.638916
1469751091994,0.0637207,0.73217773,0.50805664
1469751092031,0.1538086,1.2290039,0.4086914
1469751092066,0.2685547,0.89868164,0.29760742
1469751092137,0.19555664,0.62231445,-0.060791016
1469751092167,0.24438477,0.717041,-0.28710938
1469751092224,0.18066406,0.9313965,-0.501709
1469751092237,0.23925781,1.1237793,-0.25854492
1469751092269,0.055419922,1.2041016,0.08862305
1469751092304,-0.017822266,1.3066406,0.08300781
1469751092338,0.26098633,1.0314941,-0.34594727
1469751092375,0.25512695,1.1008301,-0.46069336
1469751092407,0.39916992,0.48339844,-0.53759766
1469751092430,0.40454102,0.7734375,-0.8815918
1469751092469,0.13598633,1.2302246,-0.22607422
1469751092504,0.1262207,0.9145508,-0.08691406
1469751092532,-0.012207031,1.1413574,-0.15942383
1469751092549,0.2265625,1.1855469,-0.53515625
1469751092610,0.16894531,0.8725586,-0.22363281
1469751092628,0.12792969,1.1606445,-0.28979492
1469751092646,0.16113281,0.8557129,0.080566406
1469751092697,0.24536133,0.8076172,0.27563477
1469751092713,0.10253906,0.59887695,0.10839844
1469751092747,0.18774414,0.83447266,0.12963867
1469751092796,0.09814453,1.1591797,0.23657227
1469751092815,0.08227539,0.9453125,0.011230469
1469751092846,0.32543945,0.8959961,-0.26391602
1469751092879,0.23413086,0.8684082,-0.21435547
1469751092918,2.4414063E-4,0.8293457,0.057861328
1469751092949,-0.026855469,1.2524414,0.12988281
1469751092982,0.22045898,1.1315918,-0.17626953
1469751093010,0.17626953,1.0014648,-0.3466797
1469751093045,0.119628906,0.8671875,-0.23242188
1469751093079,0.30029297,0.9992676,-0.1184082
1469751093113,0.1237793,0.79956055,-0.23901367
1469751093132,0.0637207,1.0917969,-0.060546875
1469751093178,0.021484375,1.1767578,-0.015625
1469751093209,-0.047607422,0.828125,-0.10449219
1469751093230,-0.099609375,1.1030273,0.22460938
1469751093286,-0.10253906,1.2966309,0.4086914
1469751093296,0.01171875,0.4416504,0.29370117
1469751093329,-0.10449219,1.0397949,0.65966797
1469751093400,0.10571289,1.0976563,0.4506836
1469751093425,0.017089844,1.1474609,0.5107422
1469751093460,0.07714844,1.0949707,0.52001953
1469751093494,0.12524414,0.7512207,-0.052001953
1469751093529,0.049804688,0.8132324,0.0034179688
1469751093564,0.29223633,0.7687988,0.20800781
1469751093598,0.34936523,0.58691406,0.39575195
1469751093643,0.26708984,0.609375,0.5632324
1469751093667,0.3503418,0.54345703,0.24853516
1469751093701,0.31152344,0.44458008,-0.017822266
1469751093711,0.18359375,0.857666,-0.06689453
1469751093772,0.07128906,0.87719727,-0.1352539
1469751093807,-0.16186523,1.314209,0.18261719
1469751093878,-0.19067383,1.3989258,0.43896484
1469751093909,0.004638672,1.3740234,0.32470703
1469751093946,0.05493164,1.3498535,0.37353516
1469751093973,0.13720703,1.4960938,0.21459961
1469751094006,0.21704102,1.3862305,0.18017578
1469751094048,0.19213867,1.4787598,-0.1303711
1469751094083,0.26416016,1.2548828,-0.10229492
1469751094109,0.41455078,0.82250977,-0.0048828125
1469751094154,0.28515625,1.0378418,0.11328125
1469751094173,0.34277344,0.5949707,0.40283203
1469751094205,0.43017578,0.2199707,0.5732422
1469751094241,0.47509766,0.24584961,0.70214844
1469751094274,0.71777344,0.5690918,0.6044922
1469751094295,0.77246094,0.8642578,0.32788086
1469751094355,0.60058594,0.46948242,0.51049805
1469751094370,0.72265625,0.29467773,0.58032227
1469751094389,0.72924805,0.21875,0.4506836
1469751094439,0.6816406,0.4814453,0.42358398
1469751094457,0.611084,0.28881836,0.30566406
1469751094491,0.67529297,0.07373047,0.18041992
1469751094528,0.8366699,0.31884766,-0.24609375
1469751094553,0.8417969,0.97387695,0.1940918
1469751094841,0.58691406,0.80615234,0.7541504
1469751094887,0.0625,0.08496094,0.51904297
1469751094925,0.037109375,0.1538086,0.60913086
1469751095246,0.08959961,-0.05126953,1.4902344
1469751095310,0.53271484,-0.9562988,-0.2697754
1469751095338,0.4248047,-0.0063476563,-0.39404297
1469751095367,-0.024658203,0.7055664,-0.056884766
1469751095402,-0.3791504,1.8049316,-0.079833984
1469751095418,-0.34399414,2.8823242,0.50219727
1469751095452,-0.41088867,2.3312988,0.8869629
1469751095491,-0.52441406,2.0405273,1.239502
1469751095521,-0.5192871,1.5769043,0.9638672
1469751095558,-0.42797852,0.7932129,0.48046875
