1468461436611,-0.06616211,0.8845215,0.37475586
1468461437013,-0.024414063,0.93359375,0.24511719
1468461437021,0.03173828,0.82836914,0.19799805
1468461437027,0.044921875,0.94750977,0.17016602
1468461437031,0.014160156,1.0629883,0.18139648
1468461437053,9.765625E-4,1.1589355,0.25170898
1468461437066,0.110839844,0.8942871,0.23242188
1468461437072,0.02368164,1.0837402,0.37475586
1468461437079,0.07543945,0.92749023,0.3215332
1468461437089,0.09008789,0.78149414,0.3544922
1468461437097,0.0107421875,0.8647461,0.4416504
1468461437101,-0.01171875,0.7519531,0.3779297
1468461437108,-0.15820313,0.7104492,0.38330078
1468461437130,-0.26049805,0.72875977,0.3503418
1468461437149,-0.5986328,1.0678711,0.4650879
1468461437164,-0.5834961,0.8535156,0.44555664
1468461437184,-0.5410156,0.7619629,0.47485352
1468461437214,-0.5214844,0.7824707,0.5065918
1468461437230,-0.47070313,0.7282715,0.50878906
1468461437301,-0.41796875,0.689209,0.54345703
1468461437334,-0.36328125,0.67163086,0.5283203
1468461437366,-0.3244629,0.7219238,0.5192871
1468461437405,-0.31958008,0.78637695,0.5097656
1468461437434,-0.2890625,0.80078125,0.5
1468461437467,-0.32763672,0.88964844,0.51708984
1468461437503,-0.36157227,0.92407227,0.49780273
1468461437542,-0.37963867,0.8937988,0.49853516
1468461437572,-0.3474121,0.84814453,0.44848633
1468461437605,-0.31762695,0.83032227,0.4416504
1468461437641,-0.30004883,0.82543945,0.4255371
1468461437680,-0.3154297,0.8305664,0.3857422
1468461437719,-0.3190918,0.8432617,0.40551758
1468461437748,-0.35620117,0.85595703,0.39257813
1468461437783,-0.38452148,0.86572266,0.390625
1468461437812,-0.3803711,0.842041,0.3918457
1468461437847,-0.36645508,0.8474121,0.3955078
1468461437881,-0.3564453,0.8395996,0.39379883
1468461437917,-0.34887695,0.8442383,0.39135742
1468461437949,-0.34448242,0.84814453,0.3779297
1468461437985,-0.34350586,0.859375,0.38330078
1468461438022,-0.3371582,0.8483887,0.3725586
1468461438056,-0.3527832,0.85791016,0.3713379
1468461438097,-0.37475586,0.8798828,0.35742188
1468461438163,-0.36254883,0.89331055,0.36108398
1468461438206,-0.35229492,0.88842773,0.33447266
1468461438266,-0.27416992,0.8522949,0.2890625
1468461438298,-0.26782227,0.8828125,0.2722168
1468461438330,-0.21362305,0.9506836,0.16845703
1468461438367,-0.16259766,0.89160156,0.08203125
1468461438399,-0.12109375,0.9177246,0.05493164
1468461438439,-0.16040039,0.9921875,-0.041503906
1468461438468,-0.11035156,0.9055176,-0.12841797
1468461438504,-0.15185547,0.8742676,-0.06665039
1468461438538,-0.19970703,0.85180664,-0.10668945
1468461438562,-0.2980957,0.8691406,-0.11254883
1468461438580,-0.5029297,0.7927246,-0.15405273
1468461438640,-0.7619629,0.9499512,-0.26293945
1468461438681,-1.1713867,0.89086914,-1.1381836
1468461438749,-0.86694336,0.73339844,0.19946289
1468461438779,-0.6496582,0.84399414,0.45166016
1468461438822,0.017333984,1.0749512,0.5546875
1468461438850,-0.0053710938,0.99975586,0.01953125
1468461438890,-0.16845703,0.8466797,-0.059814453
1468461438926,-0.78759766,0.62719727,-1.527832
1468461438943,-1.4638672,0.50927734,-1.8193359
1468461438980,-0.32714844,0.40966797,-0.6154785
1468461439007,-0.38183594,0.782959,-0.33740234
1468461439048,-0.005126953,1.0854492,1.4633789
1468461439076,0.019042969,1.2224121,0.22265625
1468461439117,-0.31762695,0.689209,-0.13476563
1468461439142,-0.36987305,0.9724121,-0.24243164
1468461439173,-0.76220703,0.82666016,-1.4956055
1468461439206,-1.4240723,0.110839844,-1.760498
1468461439241,-0.46264648,0.7077637,-1.4072266
1468461439288,-0.15039063,0.41186523,-0.18115234
1468461439310,0.40576172,0.88378906,0.7163086
1468461439345,-0.23706055,1.1220703,-0.049560547
1468461439379,-0.11450195,1.0095215,-0.4802246
1468461439396,-0.37548828,0.98999023,-0.12451172
1468461439421,-0.8105469,0.70458984,-0.76831055
1468461439459,-1.2180176,0.45458984,-1.3063965
1468461439490,-0.80688477,0.6040039,-0.8808594
1468461439527,-0.47729492,0.54248047,-0.6816406
1468461439562,-0.5629883,0.6086426,-0.6057129
1468461439587,-0.70458984,0.8703613,-1.0825195
1468461439623,-0.40356445,0.20898438,-0.5263672
1468461439661,-0.1015625,0.91552734,-0.6813965
1468461439690,-0.44555664,0.38061523,-0.7331543
1468461439732,-0.32739258,0.70336914,-0.44018555
1468461439759,-0.03491211,1.7531738,-0.265625
1468461439794,-0.38671875,0.5319824,-0.8605957
1468461439869,-0.033203125,0.54345703,-0.35424805
1468461439882,-0.44360352,0.20361328,-0.8449707
1468461439905,-0.7871094,1.3334961,-0.9831543
1468461439939,-1.3366699,0.21826172,-0.9345703
1468461439974,-0.48266602,1.0187988,-0.40551758
1468461440002,-0.7480469,0.5739746,0.07739258
1468461440043,-0.7858887,0.5788574,0.07348633
1468461440071,-0.7324219,0.6020508,0.0847168
1468461440106,-0.23657227,0.30541992,-0.45996094
1468461440140,0.09399414,0.8293457,0.037353516
1468461440176,-0.6074219,0.7192383,-0.25170898
1468461440220,-0.82128906,1.4553223,0.052246094
1468461440288,-0.51000977,1.0439453,0.24438477
1468461440322,-0.32543945,0.78027344,0.13964844
1468461440356,0.41479492,-0.3552246,-0.18188477
1468461440384,1.3549805,-0.81347656,-0.045898438
1468461440419,0.12988281,1.2375488,-0.27172852
1468461440452,-2.5947266,1.2106934,1.4890137
1468461440487,-2.083252,1.536377,1.1174316
1468461440520,-0.9069824,1.7141113,0.8930664
1468461440554,-0.19384766,0.3347168,0.3984375
1468461440585,0.80810547,-0.2548828,-0.44628906
1468461440618,2.4396973,-1.6713867,-0.20019531
1468461440657,-0.54541016,0.9116211,0.09887695
1468461440690,-3.907959,2.5302734,1.8530273
1468461440703,-2.1572266,1.265625,1.2658691
1468461440759,-0.5722656,0.6862793,0.77368164
1468461440777,0.54467773,-0.60375977,-0.48388672
1468461440801,2.5356445,-1.2563477,-0.31274414
1468461440852,-0.90771484,1.197998,0.3774414
1468461440874,-3.1396484,0.8796387,1.5361328
1468461440904,-1.6704102,1.2416992,0.93530273
1468461440936,-0.20019531,0.798584,0.55322266
1468461440971,0.18774414,0.45922852,0.41967773
1468461441007,0.17358398,0.3857422,0.31420898
1468461441033,-0.3005371,0.73535156,0.79052734
1468461441068,-0.24316406,0.58154297,0.43139648
1468461441109,-0.56103516,0.9116211,1.060791
1468461441136,-0.7932129,0.2253418,1.0695801
1468461441209,-0.041259766,0.8547363,0.7116699
1468461441231,0.17114258,0.37475586,0.21875
1468461441265,0.54785156,0.26513672,0.12670898
1468461441294,0.16796875,0.7939453,0.1694336
1468461441334,-0.26513672,1.2224121,0.06958008
1468461441362,-0.53149414,0.70532227,-0.088134766
1468461441398,-0.74609375,1.1386719,0.3071289
1468461441431,-0.9953613,0.8251953,0.5253906
1468461441465,-0.9140625,0.6437988,0.54467773
1468461441499,-0.85595703,0.657959,0.5422363
1468461441534,-0.77246094,0.45996094,0.6750488
1468461441568,-0.66625977,0.5187988,0.6557617
1468461441580,-0.6652832,0.4140625,0.57836914
1468461441614,-0.72143555,0.47460938,0.66430664
1468461441648,-0.6784668,0.5358887,0.736084
1468461441681,-0.5991211,0.44458008,0.6989746
1468461441715,-0.6254883,0.24633789,0.6218262
1468461441749,-0.64819336,0.35009766,0.49438477
1468461441780,-0.8203125,0.32543945,0.6765137
1468461441815,-0.84472656,0.36328125,0.78808594
1468461441849,-0.99365234,0.37304688,0.7116699
1468461441863,-1.0568848,0.5214844,0.8334961
1468461441897,-1.1962891,0.7717285,0.8745117
1468461441931,-1.0356445,0.99316406,0.44604492
1468461441967,-0.7043457,1.2653809,0.16357422
1468461442001,-0.26367188,0.9777832,-0.14868164
1468461442029,0.16772461,0.81152344,-0.38476563
1468461442062,0.2055664,0.6459961,-0.123535156
1468461442099,0.45117188,0.41992188,-0.020751953
1468461442131,0.4230957,0.12231445,-0.0078125
1468461442149,0.09790039,0.1418457,0.1743164
1468461442433,-0.3647461,1.1745605,0.44335938
1468461442480,-0.8005371,0.85791016,0.22070313
1468461442515,-0.72265625,0.9785156,-0.119384766
1468461442835,-0.2644043,0.9958496,0.12695313
1468461442898,-0.9699707,1.3198242,-0.38085938
1468461442935,-0.8984375,1.4145508,-0.47460938
1468461442964,-0.5571289,0.75927734,0.03100586
1468461442999,-0.21557617,0.95751953,-0.048583984
1468461443044,0.25927734,0.3635254,0.0793457
1468461443068,0.15332031,0.57788086,0.16674805
1468461443102,0.022460938,0.9873047,-0.041992188
1468461443140,-0.41503906,1.0976563,-0.055419922
1468461443176,-0.60302734,0.94799805,-0.44873047
1468461443206,-1.3256836,1.5544434,-0.84765625
1468461443239,-0.98339844,1.2729492,-0.6767578
1468461443274,-0.52734375,0.84472656,4.8828125E-4
1468461443314,0.26831055,0.20458984,0.5812988
1468461443376,0.123291016,0.63671875,0.12573242
1468461443390,-0.5319824,1.2097168,0.012939453
1468461443417,-0.57128906,1.2453613,-0.40771484
1468461443458,-0.9711914,1.1433105,-0.7158203
1468461443493,-1.2563477,1.3322754,-0.8149414
1468461443518,-0.66137695,0.8859863,-0.09423828
1468461443552,-0.1796875,0.78393555,-0.1496582
1468461443585,0.46704102,0.20117188,0.54711914
1468461443620,0.22753906,0.5095215,0.35888672
1468461443662,-0.3569336,1.2646484,-0.05444336
1468461443689,-0.47705078,1.0537109,-0.21923828
1468461443730,-0.83081055,0.8129883,-0.5385742
1468461443757,-1.1228027,1.1464844,-0.6464844
1468461443770,-0.60791016,0.8071289,-0.83374023
1468461443826,-0.50341797,0.6508789,-0.0017089844
1468461443839,-0.3996582,0.72998047,-0.5666504
1468461443872,-0.2084961,0.49438477,-0.50634766
1468461443904,0.020751953,0.86499023,-0.51782227
1468461443932,0.09472656,0.8005371,-0.47558594
1468461443966,0.123535156,0.6074219,-0.47924805
1468461444001,-0.40112305,0.82250977,-0.20581055
1468461444044,-0.23217773,0.6672363,-0.5151367
1468461444069,-0.61621094,0.7211914,-1.0144043
1468461444105,-0.82543945,0.70654297,-0.9987793
1468461444138,-0.9099121,0.8461914,-1.0395508
1468461444176,-0.5588379,0.58813477,-0.8684082
1468461444185,-0.17138672,0.44433594,-0.10424805
1468461444220,0.21411133,0.6567383,0.06567383
1468461444254,-0.045898438,0.8137207,0.15136719
1468461444286,-0.45507813,0.8679199,0.114746094
1468461444323,-0.45117188,0.97143555,-0.49731445
1468461444360,-0.3310547,1.043457,-0.43408203
1468461444367,-0.7438965,0.98046875,-0.5109863
1468461444419,-0.60717773,0.9030762,-0.3935547
1468461444447,-0.40942383,0.84814453,-0.20361328
1468461444472,-0.42041016,0.9313965,-0.18261719
1468461444504,-0.46826172,0.6645508,-0.14379883
1468461444539,-0.39892578,0.7175293,-0.36938477
1468461444567,-0.5073242,0.703125,-0.3149414
1468461444604,-0.42016602,0.7895508,-0.4645996
1468461444636,-0.37573242,0.42285156,-0.68530273
1468461444674,-0.31982422,0.55688477,-0.51464844
1468461444705,0.049560547,1.1035156,-1.3813477
1468461444740,-0.15234375,1.0976563,-0.6591797
1468461444778,-0.2175293,1.9406738,0.02734375
1468461444809,-0.30395508,0.8195801,-0.65649414
1468461444842,-0.46240234,1.064209,-0.9326172
1468461444924,-0.17138672,0.4855957,-1.4978027
1468461444982,-0.42773438,0.021484375,-0.8251953
1468461445024,-0.049316406,0.5690918,-0.1105957
1468461445058,0.0029296875,0.9897461,-0.40527344
1468461445085,-0.31152344,0.86865234,-0.2861328
1468461445119,-0.16210938,1.0380859,-0.69506836
1468461445155,-0.5053711,1.0983887,-0.9399414
1468461445188,-0.73217773,0.70410156,-0.4494629
1468461445222,-0.6635742,0.47753906,-0.59033203
1468461445258,-0.4260254,0.5683594,-0.83691406
1468461445291,-0.3930664,0.5942383,-0.43139648
1468461445337,-0.16210938,1.1616211,-0.7116699
1468461445397,-0.031982422,1.4838867,-1.0722656
1468461445443,-0.5612793,-0.10986328,0.4086914
1468461445505,-0.4819336,0.44018555,0.60058594
1468461445535,-0.59643555,0.27270508,0.54052734
1468461445841,-0.4404297,0.21484375,0.34228516
1468461445900,-0.26708984,0.8781738,-0.34155273
1468461445928,-0.10620117,1.0083008,-0.3166504
1468461446223,-0.13452148,1.0336914,-0.23925781
1468461446283,-1.373291,2.2143555,0.4194336
1468461446320,-0.87475586,1.8762207,0.46191406
1468461446351,0.28979492,-0.34716797,0.3671875
1468461446385,0.44335938,-0.9616699,0.71313477
1468461446464,-0.845459,1.244873,0.25097656
1468461446496,-0.72924805,1.0021973,-0.39819336
1468461446536,-0.62768555,0.9177246,-1.2189941
1468461446576,-0.32177734,0.8833008,-1.3857422
1468461446599,0.057617188,0.6899414,-0.91918945
1468461446628,-0.05834961,0.9538574,-0.44384766
1468461446662,-0.20092773,1.5998535,-0.1616211
1468461446696,-0.14819336,1.4052734,-0.16210938
1468461446731,-0.31640625,0.40063477,-0.75439453
1468461446766,-0.33203125,0.9748535,-0.7980957
1468461446803,-0.36108398,0.6147461,-0.671875
1468461446836,-0.18432617,0.11035156,-1.159668
1468461446868,-0.37524414,0.5974121,-0.9626465
1468461446877,-0.40161133,0.50927734,-0.47070313
1468461446936,-0.115234375,0.70654297,-0.6845703
1468461446947,-0.15014648,0.93774414,-0.5124512
1468461446977,-0.2668457,0.842041,-0.22949219
1468461447027,-0.16064453,0.77978516,-0.67041016
1468461447042,-0.19946289,0.7602539,-0.64038086
1468461447090,-0.19262695,0.49291992,-0.8063965
1468461447113,-0.39941406,0.8222656,-0.8354492
1468461447144,-0.42016602,0.5715332,-0.79296875
1468461447175,-0.4482422,0.43139648,-0.9238281
1468461447213,-0.2849121,0.5270996,-0.77075195
1468461447259,-0.28100586,0.6899414,-0.795166
1468461447276,-0.2849121,0.87231445,-0.65185547
1468461447314,-0.26245117,0.99658203,-0.51660156
1468461447345,-0.52685547,0.7583008,-0.30395508
1468461447376,-0.33984375,1.7255859,-0.7573242
1468461447415,-0.3786621,0.9863281,-0.14111328
1468461447441,-0.5534668,0.022705078,0.24682617
1468461447459,-0.6628418,1.6706543,0.14770508
1468461447531,-0.63012695,0.80810547,-0.091796875
1468461447563,-0.33569336,1.1191406,0.13183594
1468461447606,0.22729492,0.87060547,0.027832031
1468461447635,0.059326172,0.9169922,0.10229492
1468461447656,-0.12573242,1.0881348,-0.01953125
1468461447701,-0.33374023,1.2526855,-0.041992188
1468461447739,-0.5354004,1.0710449,-0.37841797
1468461447756,-0.6166992,0.9987793,-0.18945313
1468461447788,-0.5197754,1.0568848,-0.01953125
1468461447822,-0.37548828,0.7246094,-0.17871094
1468461447855,-0.3474121,0.79956055,-0.1730957
1468461447891,-0.18164063,0.51953125,-0.6027832
1468461447932,-0.22827148,0.4741211,-0.72265625
1468461447944,-0.35888672,0.6352539,-0.9003906
1468461448003,-0.26342773,0.46289063,-0.9328613
1468461448048,-0.26660156,1.4616699,-0.34887695
1468461448078,-0.32617188,1.7148438,-0.3544922
1468461448115,-0.44506836,0.74853516,-0.7133789
1468461448158,-0.31323242,0.61621094,-0.7475586
1468461448190,-0.3840332,1.2351074,-0.9597168
1468461448203,-0.24316406,0.30859375,-1.404541
1468461448259,-0.24951172,0.22802734,-0.8498535
1468461448306,-0.32885742,0.41333008,-0.60131836
1468461448343,-0.3017578,0.795166,-0.49291992
1468461448369,-0.32470703,0.97924805,-0.35864258
1468461448404,-0.29638672,0.7817383,-0.49194336
1468461448431,-0.35742188,0.8276367,-0.41748047
1468461448476,-0.23510742,0.7480469,-0.73339844
1468461448500,-0.41967773,0.6467285,-0.7741699
1468461448535,-0.46850586,0.57543945,-0.84277344
1468461448577,-0.36889648,0.2578125,-1.1689453
1468461448602,-0.39794922,0.3881836,-0.91430664
1468461448638,-0.33813477,0.45214844,-0.72094727
1468461448672,-0.28759766,0.35351563,-0.9086914
1468461448706,-0.4326172,0.70825195,-0.673584
1468461448742,-0.3408203,0.89819336,-0.6682129
1468461448762,-0.39672852,0.61572266,-0.48413086
1468461448787,-0.57177734,0.9748535,-0.1809082
1468461448819,-0.4645996,1.0102539,-0.5769043
1468461448853,-0.59228516,0.7648926,-0.38916016
1468461448888,-0.47314453,0.9238281,-0.5258789
1468461448916,-0.31713867,0.028808594,-0.5209961
1468461448960,-0.06933594,0.8703613,-0.41186523
1468461448984,-0.056884766,1.0908203,-0.54248047
1468461449019,-0.23071289,0.5527344,-0.12548828
1468461449054,-0.34326172,1.0256348,-0.09643555
1468461449093,-0.4326172,0.84521484,-0.36083984
1468461449123,-0.4807129,0.9379883,-0.21240234
1468461449149,-0.44628906,0.9001465,-0.44580078
1468461449168,-0.5114746,0.79248047,-0.5168457
1468461449455,-0.48583984,0.86450195,-0.52612305
1468461449538,-0.43774414,0.9243164,0.14135742
1468461449574,-0.38012695,0.8659668,0.07470703
1468461449582,-0.30639648,0.75756836,0.14746094
1468461449633,-0.26635742,0.7937012,0.27246094
1468461449651,-0.21606445,1.1013184,0.1237793
1468461449686,-0.28515625,0.7685547,0.19482422
1468461449719,-0.41748047,0.9604492,0.35131836
1468461449746,-0.46948242,0.8601074,0.14160156
1468461449781,-0.48706055,0.8232422,-0.07348633
1468461449815,-0.59033203,1.0249023,-0.03100586
1468461449849,-0.55078125,0.7800293,-0.01928711
1468461449886,-0.5710449,0.79833984,-0.009521484
1468461449921,-0.6477051,0.7067871,-0.09375
1468461449946,-0.5288086,0.9482422,-0.20581055
1468461449982,-0.46118164,0.9350586,-0.15991211
1468461450015,-0.484375,0.8088379,-0.13647461
1468461450281,-0.55615234,0.9770508,-0.22167969
1468461450310,-0.44677734,0.69921875,-0.35620117
1468461450410,-0.5761719,0.85791016,-0.42651367
1468461450416,-0.54467773,0.7385254,-0.52075195
1468461450426,-0.4572754,0.7553711,-0.5671387
1468461450443,-0.42871094,0.7265625,-0.5317383
1468461450479,-0.4091797,0.71875,-0.44580078
1468461450520,-0.33398438,0.6904297,-0.5275879
1468461450559,-0.38085938,0.6459961,-0.5419922
1468461450594,-0.5654297,0.6201172,-0.55371094
1468461450627,-0.5786133,0.6281738,-0.4675293
1468461450666,-0.6425781,0.7138672,-0.35327148
1468461450716,-0.7050781,0.73999023,-0.3005371
1468461450741,-0.46142578,0.578125,-0.3137207
1468461450776,-0.47021484,0.56689453,-0.43066406
1468461450816,-0.33813477,0.52905273,-0.75
1468461450871,-0.42016602,0.8911133,-0.77685547
1468461450891,-0.36694336,0.97387695,-0.40820313
1468461450934,-0.5732422,0.96435547,-0.52441406
1468461450985,-0.7194824,1.0085449,-0.57666016
1468461451009,-0.6230469,1.0373535,-0.7883301
1468461451041,-0.5048828,1.0556641,-0.7375488
1468461451081,-0.32348633,0.8256836,-0.45654297
1468461451150,0.7780762,-0.1730957,0.03857422
1468461451194,-2.680664,1.7114258,0.77612305
1468461451229,-1.8535156,1.6630859,-0.24291992
1468461451265,-0.5012207,1.1164551,-0.16479492
1468461451300,0.5319824,-0.67626953,0.3466797
1468461451339,1.2521973,0.1694336,-0.17895508
1468461451370,-0.18896484,0.72558594,-0.9560547
1468461451406,-2.3720703,0.49658203,1.4316406
1468461451445,-1.6870117,1.7421875,0.0769043
1468461451472,-0.23168945,0.8425293,0.011962891
1468461451506,1.0581055,-1.1569824,0.4555664
1468461451576,-0.86206055,1.2268066,-0.5957031
1468461451615,-1.0412598,1.6428223,-0.38134766
1468461451681,1.0751953,0.3227539,-0.080566406
1468461451841,-1.1435547,1.2990723,-0.26367188
1468461451861,-0.029785156,-0.43847656,0.3408203
1468461451888,-0.5202637,-0.16381836,1.1013184
1468461452014,-0.12719727,0.8215332,0.40844727
1468461452040,0.15771484,0.6447754,-0.0021972656
1468461452083,0.09667969,0.44677734,-0.068115234
1468461452142,-0.6801758,0.9680176,-0.41845703
1468461452172,-0.82666016,0.9902344,0.07104492
1468461452190,-0.8835449,0.8112793,0.33789063
1468461452240,-0.814209,0.97924805,0.17602539
1468461452256,-0.70532227,0.7854004,0.33032227
1468461452332,-0.7102051,0.9592285,0.36987305
1468461452356,-0.7314453,0.6088867,0.43359375
1468461452389,-0.8183594,0.63305664,0.41235352
1468461452422,-0.74121094,0.72753906,0.45996094
1468461452456,-0.7692871,0.64697266,0.6201172
1468461452490,-0.8510742,0.76538086,0.57592773
1468461452524,-0.8273926,0.6669922,0.53100586
1468461452556,-0.90063477,0.8215332,0.5473633
1468461452608,-1.026123,0.892334,0.2800293
1468461452629,-0.9567871,1.4169922,0.052490234
1468461452655,-0.7102051,1.1723633,-0.22558594
1468461452748,-0.40161133,0.84643555,-0.36547852
1468461452795,-0.016845703,-0.06616211,0.545166
1468461452852,-0.47143555,0.14282227,1.1323242
1468461453175,-0.88183594,-0.1472168,1.6101074
1468461453737,-0.2355957,0.65966797,0.7167969
1468461453783,0.036865234,1.6958008,0.27197266
1468461453803,0.6984863,1.5998535,-0.009765625
1468461453834,-0.69384766,0.6052246,0.57421875
1468461453922,0.38745117,0.8234863,0.41674805
1468461453936,-2.2873535,0.6052246,1.0119629
1468461454059,-0.35302734,1.0466309,0.73706055
1468461454179,-0.5510254,0.85668945,-0.064208984
1468461454416,-0.5390625,0.55200195,0.46923828
1468461454468,-0.96240234,1.0695801,0.25830078
1468461454499,-0.41503906,1.2675781,0.09399414
1468461454550,-0.03564453,0.9729004,0.171875
1468461454579,-0.33325195,0.95043945,0.390625
1468461454614,-0.48828125,0.75805664,0.07885742
1468461454647,-0.67871094,0.8859863,-0.0107421875
1468461454681,-0.6398926,0.94873047,-0.20214844
1468461454712,-0.41137695,0.6970215,-0.626709
1468461454744,-0.3227539,1.2307129,-0.29882813
1468461454779,-0.20874023,0.86694336,-0.8774414
1468461454815,0.26635742,1.0668945,-0.4567871
1468461454848,0.27783203,1.0708008,0.3461914
1468461454901,-0.09692383,0.5986328,1.0241699
1468461454937,-1.0551758,0.36767578,1.0678711
1468461454962,-0.5214844,-0.6296387,0.80249023
1468461454997,-0.29345703,-0.6743164,0.8430176
1468461455030,-0.5852051,0.88183594,0.6425781
1468461455063,-0.685791,0.100097656,0.7158203
1468461455096,-0.5690918,0.3322754,0.5319824
1468461455303,-1.0678711,0.4638672,1.1535645
1468461455331,-0.40698242,0.91015625,0.7602539
1468461455340,-0.23461914,1.5012207,0.67456055
1468461455376,0.095458984,1.0327148,0.6142578
1468461455409,0.021972656,1.1921387,0.57910156
1468461455442,-0.28637695,0.26660156,0.26171875
1468461455481,-0.56884766,0.45141602,0.96313477
1468461455516,-0.9711914,-0.6262207,0.9169922
1468461455541,-0.6689453,-0.49145508,0.7348633
1468461455575,-0.40673828,1.3537598,0.3540039
1468461455609,-0.6850586,1.081543,0.21850586
1468461455645,-0.6057129,1.5112305,0.0847168
1468461455664,-0.42138672,0.8310547,-0.017333984
1468461455751,-0.3774414,0.66015625,-0.10668945
1468461455789,0.27685547,1.1062012,-0.90966797
1468461455810,0.11206055,1.0002441,-0.8288574
1468461455862,-0.09106445,1.0825195,-0.6760254
1468461455904,-0.4099121,0.7155762,0.5361328
1468461455934,-1.3276367,0.73217773,0.66015625
1468461455970,-0.7973633,1.0734863,0.26708984
1468461456003,-0.6203613,1.0637207,0.42822266
1468461456038,-0.23291016,1.3608398,0.39819336
1468461456082,0.0063476563,0.7783203,0.28564453
1468461456106,-0.35107422,1.0654297,0.24975586
1468461456143,-0.2277832,0.9133301,0.32006836
1468461456211,-0.47705078,1.095459,-0.0029296875
1468461456223,-0.47875977,0.923584,0.12719727
1468461456265,-0.5070801,0.80371094,-0.3310547
1468461456297,-0.13989258,1.2199707,0.11010742
1468461456324,-0.234375,0.873291,-0.23852539
1468461456338,-0.036621094,1.3293457,-0.41430664
1468461456407,0.10839844,0.5119629,0.74560547
1468461456446,-0.22167969,0.9716797,1.3671875
1468461456481,-1.1437988,0.5151367,0.9902344
1468461456518,-0.9211426,-0.083496094,1.1821289
1468461456870,-0.46826172,0.8808594,0.82177734
1468461456893,-0.34448242,0.8996582,0.642334
1468461456942,-0.2998047,0.9387207,0.7680664
1468461456964,0.06982422,1.1164551,0.23339844
1468461457000,0.06323242,1.0314941,0.28125
1468461457050,-0.030517578,1.3198242,0.3840332
1468461457108,-0.6369629,0.19018555,0.8330078
1468461457133,-0.77124023,-0.5476074,0.96313477
1468461457158,-0.4482422,1.4851074,0.55126953
1468461457189,-0.88720703,0.21533203,0.65356445
1468461457220,-0.27807617,0.9609375,-0.12451172
1468461457262,-0.25634766,1.083252,-0.40551758
1468461457276,-0.091552734,0.6418457,-0.25854492
1468461457305,0.13891602,0.76049805,-0.53393555
1468461457361,-0.026123047,0.7861328,-0.9716797
1468461457369,0.09814453,1.3571777,-1.001709
1468461457403,-0.35131836,1.4785156,-0.61328125
1468461457436,0.15966797,0.62109375,-0.35766602
1468461457472,-0.390625,0.7026367,-0.22070313
1468461457505,-0.3251953,0.60791016,-0.18066406
1468461457534,-0.9782715,1.184082,0.25146484
1468461457570,-0.4880371,1.2214355,-0.029541016
1468461457615,-0.36499023,0.85913086,0.42651367
1468461457647,-0.08984375,1.4394531,0.075927734
1468461457677,-0.13549805,0.77856445,0.15063477
1468461457686,-0.22265625,1.1352539,0.18530273
1468461457750,-0.17285156,1.0532227,0.030273438
1468461457789,-0.35083008,0.7199707,0.068115234
1468461457853,-0.049804688,0.6916504,-0.31420898
1468461457893,0.20727539,0.6447754,-0.43017578
1468461457934,0.07714844,0.55688477,-0.63061523
1468461457957,-0.07763672,1.0524902,-0.53125
1468461458031,-0.53027344,1.2399902,-0.49438477
1468461458062,-0.751709,0.89819336,-0.40014648
1468461458092,-0.71972656,0.8395996,-0.54833984
1468461458129,-0.5397949,0.76708984,-0.4091797
1468461458162,-0.37841797,0.69311523,-0.49560547
1468461458198,-0.28100586,0.79418945,-0.60180664
1468461458519,-0.061767578,0.8215332,-0.8359375
1468461458609,-0.6062012,1.126709,-0.5541992
1468461458646,-0.50390625,1.2219238,-0.4519043
1468461458686,-0.2475586,0.89453125,-0.54956055
1468461458701,0.04736328,0.67041016,0.26513672
1468461458730,-0.12939453,0.49902344,1.1071777
1468461458763,-0.11376953,1.1289063,0.25512695
1468461458799,-0.23168945,0.77978516,-0.075927734
1468461458850,-0.82788086,1.1169434,-0.97680664
1468461458900,-0.67407227,0.71899414,-0.62475586
1468461458930,-0.28222656,0.92993164,-0.3647461
1468461458986,0.024414063,0.82006836,0.91137695
1468461459017,-0.25952148,0.923584,0.35424805
1468461459048,-0.27954102,0.90478516,-0.38500977
1468461459088,-0.88061523,0.9472656,-1.1772461
1468461459120,-1.0246582,0.48168945,-0.9099121
1468461459145,-0.41235352,0.68725586,-0.8811035
1468461459184,-0.01977539,0.71484375,-0.5266113
1468461459450,-0.25610352,0.7270508,-0.5817871
1468461459470,-0.24194336,0.4326172,-1.0991211
1468461459490,-0.5270996,0.7548828,-0.5629883
1468461459511,-0.27905273,0.53100586,-0.80566406
1468461459537,-0.38012695,0.80615234,-0.8503418
1468461459547,-0.35375977,0.109375,-1.2590332
1468461459572,-0.5090332,0.28710938,-1.2897949
1468461459612,-0.064697266,0.6230469,-0.15356445
1468461459630,-0.34692383,0.7702637,-0.07470703
1468461459652,-0.13964844,1.1003418,-0.4482422
1468461459664,-0.22680664,0.48291016,-0.41259766
1468461459706,-0.42797852,1.2990723,-0.36523438
1468461459725,-0.7937012,0.7714844,-0.111328125
1468461459763,-0.7207031,1.0185547,-0.114746094
1468461459801,-0.6123047,0.51904297,0.080078125
1468461459830,-0.49365234,0.60839844,0.08154297
1468461459864,-0.58081055,0.9223633,-0.09692383
1468461459916,-0.36279297,0.80249023,-0.23779297
1468461459968,-0.3251953,0.6879883,-0.3618164
1468461460011,-0.17285156,1.1159668,-0.6171875
1468461460048,-0.28076172,0.7998047,-0.68408203
1468461460079,-0.36450195,1.0776367,-0.6660156
1468461460113,-0.44360352,0.5024414,-0.24926758
1468461460144,-0.68847656,1.3393555,-0.49072266
1468461460179,-0.4091797,0.78564453,-0.83203125
1468461460217,-0.28149414,0.7824707,-0.46923828
1468461460247,-0.36279297,0.9655762,-0.4963379
1468461460283,-0.3347168,0.67407227,0.022705078
1468461460295,-0.040039063,0.7651367,0.7453613
1468461460350,-0.14501953,0.9121094,0.43701172
1468461460395,-0.7565918,0.99731445,-1.1101074
1468461460464,-0.6171875,0.61279297,-0.8129883
1468461460496,-0.044433594,0.42944336,0.5427246
1468461460539,-0.008300781,0.7597656,0.7392578
1468461460557,-0.2290039,1.0253906,-0.30493164
1468461460590,-0.40063477,0.9667969,-0.7011719
1468461460625,-0.41918945,0.6616211,-0.7702637
1468461460665,-0.38842773,0.13256836,-1.0268555
1468461460695,-0.42382813,0.4387207,-1.1872559
1468461460728,-0.41381836,0.5,-0.82128906
1468461460763,-0.46948242,0.57250977,-0.58081055
1468461460789,-0.44433594,0.5661621,-0.54174805
1468461460829,-0.48657227,0.529541,-0.5839844
1468461460865,-0.3798828,0.47631836,-0.7390137
1468461460883,-0.2841797,0.36132813,-1.0354004
1468461460943,-0.3269043,0.37939453,-1.1499023
1468461460962,-0.27783203,0.21386719,-1.1704102
1468461460984,-0.23657227,0.31933594,-1.1027832
1468461461019,-0.1730957,0.26733398,-1.0244141
1468461461058,-0.1862793,0.23120117,-1.0678711
1468461461089,-0.30566406,0.29882813,-1.0219727
1468461461123,-0.53808594,0.38208008,-0.94677734
1468461461230,-0.50756836,0.4453125,-0.7578125
1468461461279,-0.4482422,0.2253418,-0.5373535
1468461461309,-0.4650879,0.5637207,-1.2392578
1468461461337,-0.5004883,0.19628906,-1.3100586
1468461461484,-0.22290039,0.23046875,-1.2687988
1468461461490,-0.13769531,0.49316406,-0.70654297
1468461461516,-0.48779297,0.8911133,0.1381836
1468461461524,-0.31445313,0.42651367,-0.17285156
1468461461576,-0.21728516,1.1662598,-0.14624023
1468461461607,-0.41796875,1.0009766,-0.13720703
1468461461643,-0.8005371,0.892334,-0.022949219
1468461461655,-0.6530762,0.8688965,0.072753906
1468461461689,-0.48364258,0.9445801,0.15600586
1468461461718,-0.5500488,0.6586914,0.14282227
1468461461753,-0.5957031,0.5810547,0.036865234
1468461461788,-0.2446289,1.1850586,0.025878906
1468461461823,-0.4453125,0.65356445,-0.2446289
1468461461851,-0.41259766,0.7385254,-0.39990234
1468461461891,-0.5390625,0.3840332,-0.9406738
1468461461922,-0.40478516,0.76171875,-0.9042969
1468461461946,-0.203125,0.798584,-0.86816406
1468461461993,-0.056640625,1.0996094,-1.1135254
1468461462039,-0.5571289,0.9753418,-0.27905273
1468461462070,-0.55493164,0.7050781,-0.05053711
1468461462099,-0.73461914,0.45092773,-0.32885742
1468461462135,-0.7980957,1.3845215,-0.5046387
1468461462166,-0.33398438,0.27441406,-1.1748047
1468461462208,-0.2919922,0.78881836,-0.8691406
1468461462240,-0.27368164,1.2397461,-1.1789551
1468461462269,-0.6616211,0.5270996,-0.20800781
1468461462299,-0.65844727,1.0332031,0.1171875
1468461462333,0.1105957,0.6867676,0.9560547
1468461462367,-0.24853516,0.86865234,0.20043945
1468461462403,-0.31323242,0.73461914,-0.37524414
1468461462417,-0.7644043,0.3696289,-1.2512207
1468461462469,-1.1804199,0.12841797,-1.4213867
1468461462486,-0.5666504,0.5083008,-1.1777344
1468461462518,-0.3256836,0.20166016,-0.8417969
1468461462551,-0.27978516,0.4152832,-0.54467773
1468461462590,-0.1809082,0.5083008,-0.9350586
1468461462621,-0.27392578,0.5175781,-0.8239746
1468461462654,-0.46411133,0.48632813,-0.57128906
1468461462694,-0.25195313,0.8847656,-0.6315918
1468461462726,-0.20727539,0.6220703,-0.6315918
1468461463075,-0.4140625,0.8742676,-0.592041
1468461463147,-0.7980957,-0.26538086,-0.48901367
1468461463177,-0.42382813,0.36547852,-0.9165039
1468461463208,-0.5053711,0.76904297,-1.2890625
1468461463250,-0.4206543,0.39794922,-0.41577148
1468461463278,-0.49560547,0.7163086,-0.38354492
1468461463312,-0.0703125,1.0270996,0.99975586
1468461463345,-0.13208008,1.1240234,0.041015625
1468461463386,-0.51123047,0.8959961,-0.39868164
1468461463460,-1.5371094,0.6191406,-1.5400391
1468461463486,-0.31030273,0.41625977,-0.6582031
1468461463530,-0.42382813,0.6845703,-0.6496582
1468461463563,0.01928711,0.6904297,0.3347168
1468461463590,0.34570313,1.1015625,1.001709
1468461463626,-0.42773438,0.70581055,0.30493164
1468461463659,-0.33129883,0.96728516,-0.72802734
1468461463687,-1.0280762,0.61621094,-2.0683594
1468461463757,-0.017578125,0.47680664,-0.6520996
1468461463776,-0.234375,0.7036133,-0.44091797
1468461463813,0.23242188,1.2155762,1.9365234
1468461463846,-0.51000977,1.503418,0.13256836
1468461463880,-0.7138672,1.0878906,-0.38110352
1468461463915,-0.5175781,0.65112305,-0.5749512
1468461463944,-0.48486328,1.0075684,-0.40234375
1468461463978,-0.4387207,1.0515137,-0.3383789
1468461464012,-0.3166504,0.9645996,0.26123047
1468461464028,-0.20996094,1.0317383,-0.07836914
1468461464063,-0.14501953,0.7102051,-0.20043945
1468461464117,-0.28588867,0.6359863,-0.17089844
1468461464134,-0.34765625,0.93725586,-0.4411621
1468461464165,-0.37890625,1.0039063,-0.16333008
1468461464198,-0.4736328,0.79296875,-0.2097168
1468461464235,-0.41015625,0.8601074,-0.4555664
1468461464266,-0.42333984,0.6074219,-0.5805664
1468461464290,-0.11816406,0.49975586,-0.3190918
1468461464334,-0.103759766,0.91552734,-0.5473633
1468461464369,-0.33935547,0.9616699,-0.095214844
1468461464402,-0.32861328,1.0766602,-0.4951172
1468461464435,-0.49365234,0.91796875,-0.65112305
1468461464448,-0.64160156,0.8532715,-0.8857422
1468461464505,-0.6682129,0.89575195,-0.006591797
1468461464546,-0.5864258,0.66064453,0.07080078
1468461464617,-0.30419922,1.1174316,0.546875
1468461464643,4.8828125E-4,1.045166,0.5061035
1468461464678,-0.77197266,1.0393066,-1.2580566
1468461464723,-1.6286621,0.7312012,-2.7075195
1468461464746,-0.6838379,0.3479004,-1.1560059
1468461464785,-0.7421875,0.7207031,-0.23486328
1468461464815,-0.22558594,0.7873535,0.79052734
1468461464849,0.56274414,1.1408691,0.20239258
1468461464885,-0.06665039,0.8901367,0.3618164
1468461464919,-0.50390625,1.342041,-1.3505859
1468461464954,-0.83984375,0.096191406,-2.0515137
1468461465051,0.0078125,0.5522461,1.6811523
1468461465067,-0.11645508,0.87597656,0.48339844
1468461465130,-1.3034668,1.171875,-0.24194336
1468461465198,-0.48706055,0.921875,0.18359375
1468461465226,-0.6242676,0.8581543,0.23266602
1468461465263,-0.4963379,0.8623047,-0.7421875
1468461465298,-0.4729004,0.85595703,-0.7565918
1468461465328,-0.22314453,0.74560547,-0.60131836
1468461465370,-0.19555664,0.65112305,-0.1430664
1468461465404,-0.4255371,0.7277832,0.011962891
1468461465445,-0.69189453,0.8288574,-0.77612305
1468461465493,-0.43017578,0.24194336,-1.2207031
1468461465519,-0.12792969,0.20507813,-1.026123
1468461465565,-0.10205078,0.3701172,-0.93237305
1468461465588,-0.38671875,0.37426758,-0.59936523
1468461465605,-0.49853516,0.83447266,-0.55908203
1468461465657,-0.26123047,0.45214844,-0.8808594
1468461465679,-0.52197266,0.2709961,-0.9934082
1468461465708,-0.47192383,0.041992188,-1.0478516
1468461465764,0.030273438,0.6086426,-1.345459
1468461465773,-0.51049805,0.5058594,-1.0842285
1468461465805,-0.51538086,1.0200195,-0.6813965
1468461465848,-0.49145508,0.6081543,-0.89868164
1468461466158,-0.2319336,0.21850586,-0.7729492
1468461466222,0.091796875,1.0751953,0.36328125
1468461466504,-0.107910156,0.921875,-0.03149414
1468461466565,-0.52075195,0.82128906,0.30419922
1468461466627,-0.27685547,0.6904297,0.4946289
1468461466639,-0.46118164,0.73950195,0.6184082
1468461466669,-0.34936523,0.4753418,0.46850586
1468461466737,-0.49316406,0.81884766,0.5366211
1468461466769,-0.42773438,0.55249023,0.49072266
1468461466801,-0.43725586,0.890625,0.5498047
1468461466853,-0.4638672,0.5202637,0.40039063
1468461466874,-0.59399414,1.0117188,-0.19921875
1468461466910,-0.37768555,0.7980957,0.16259766
1468461466953,-0.3630371,0.83154297,0.29638672
1468461466985,-0.5593262,0.7697754,-0.24121094
1468461467000,-0.41455078,1.4057617,-0.4074707
1468461467037,-0.6057129,0.38183594,-0.39746094
1468461467060,-0.5649414,0.65063477,-0.625
1468461467097,-0.37939453,0.7194824,-0.7536621
1468461467142,-0.107666016,0.9411621,-0.82543945
1468461467149,-0.39697266,1.1987305,-0.7446289
1468461467226,-0.14038086,0.15820313,-0.14990234
1468461467251,-0.88964844,1.3254395,-0.40966797
1468461467321,-0.30371094,0.85424805,-0.8725586
1468461467353,-1.0715332,1.659668,-0.8864746
1468461467384,-0.32983398,0.33618164,-0.56591797
1468461467419,-0.6208496,0.114990234,-0.44140625
1468461467449,-0.49658203,0.8679199,-1.0319824
1468461467485,-0.46655273,0.034423828,-0.8208008
1468461467512,-0.34643555,0.37817383,-0.9448242
1468461467551,-0.34375,0.50561523,-1.0722656
1468461467596,-0.29223633,0.5876465,-0.6711426
1468461467616,-0.44726563,0.970459,-0.083984375
1468461467632,-0.11743164,1.7546387,-0.6513672
1468461467677,-0.33007813,0.6711426,-0.6555176
1468461467711,-0.60791016,0.014404297,-1.0493164
1468461467731,-0.18017578,0.83496094,-0.7155762
1468461467783,-0.42260742,-0.48120117,-1.0339355
1468461467798,-0.9099121,-0.63061523,-1.3852539
1468461467837,-0.6682129,0.029541016,-0.82250977
1468461467866,-0.42529297,0.3623047,-1.0134277
1468461467900,-0.075927734,0.80859375,-0.6477051
1468461467927,-0.11767578,0.95581055,-0.5197754
1468461467963,-0.4519043,0.65527344,-1.0505371
1468461468017,-0.49658203,0.45141602,-0.7973633
1468461468048,-0.6254883,1.0314941,-0.5473633
1468461468081,-0.70214844,0.6113281,-0.96240234
1468461468094,-0.80444336,0.03149414,-1.6481934
1468461468126,-0.6855469,-0.34204102,-1.2268066
1468461468161,-0.3059082,0.43408203,-0.84472656
1468461468209,-0.24072266,0.66186523,-0.21777344
1468461468223,-0.72998047,0.37548828,-0.40478516
1468461468259,-0.7233887,0.5620117,-1.0505371
1468461468291,-0.23339844,0.56640625,-0.4567871
1468461468326,-0.2902832,0.46435547,-0.18652344
1468461468360,-0.4272461,0.92993164,-0.103271484
1468461468397,0.24731445,1.2404785,1.1452637
1468461468429,-0.17333984,1.1276855,0.020019531
1468461468476,-0.28466797,1.0678711,-0.8144531
1468461468507,-0.95336914,0.39501953,-0.4970703
1468461468542,-0.7331543,0.76000977,-1.0524902
1468461468578,-0.28881836,0.9333496,-0.19140625
1468461468610,0.15014648,0.8059082,1.3195801
1468461468650,-0.91430664,0.74316406,-0.7595215
1468461468692,-0.78564453,1.2028809,-0.15844727
1468461468706,-0.77856445,0.8820801,-0.5319824
1468461468749,-0.50634766,0.8051758,-0.5686035
1468461468776,-0.42456055,0.61328125,-0.48291016
1468461468810,-0.42089844,0.71850586,-0.27026367
1468461468845,-0.24951172,0.6555176,-0.44458008
1468461468883,-0.36694336,0.65844727,-0.5241699
1468461468892,-0.37426758,0.69384766,-0.85009766
1468461468924,-0.37841797,0.46850586,-0.5341797
1468461468959,-0.203125,0.67944336,-0.32641602
1468461468991,-0.15673828,0.69750977,-0.54956055
1468461469027,-0.39331055,0.7619629,-0.95751953
1468461469060,-0.50439453,0.21801758,-1.0598145
1468461469089,-0.56884766,0.24975586,-1.104248
1468461469125,-0.3725586,0.009765625,-0.98461914
1468461469161,-0.34643555,0.23583984,-0.8874512
1468461469174,-0.31225586,0.7687988,-0.15234375
1468461469226,-0.2631836,0.37426758,-0.8874512
1468461469245,-0.55615234,0.41015625,-0.92089844
1468461469285,-0.5180664,0.068603516,-0.94433594
1468461469329,-0.16845703,0.35717773,-1.1193848
1468461469342,-0.78686523,0.033935547,-0.5871582
1468461469373,-0.8029785,0.26171875,-1.0537109
1468461469685,-0.35498047,1.3564453,-0.58740234
1468461469767,-0.53564453,0.76464844,-0.80810547
1468461469829,-0.6921387,0.27807617,-0.64086914
1468461469859,-0.7546387,0.03564453,-0.7775879
1468461469903,-0.74365234,-0.08520508,-1.4084473
1468461469938,-0.38842773,0.64575195,-0.66625977
1468461469964,-0.18530273,0.65234375,-0.9301758
1468461469999,-0.23364258,0.35498047,-1.1894531
1468461470033,-0.39916992,0.64086914,-0.65185547
1468461470068,-0.68530273,-0.22998047,-0.74731445
1468461470102,-0.28051758,0.6081543,-0.7866211
1468461470138,-0.3244629,0.93847656,-0.3984375
1468461470170,-0.59399414,0.7915039,-0.48413086
1468461470206,-0.31567383,0.60717773,-0.10522461
1468461470242,-0.49658203,0.673584,-0.42260742
1468461470286,-0.3317871,0.579834,-0.6899414
1468461470322,-0.36938477,0.4194336,-0.70874023
1468461470345,-0.39697266,0.66503906,-0.7648926
1468461470393,-0.39257813,0.42895508,-0.89331055
1468461470419,-0.36328125,0.47924805,-1.0095215
1468461470451,-0.39257813,0.50805664,-0.8312988
1468461470485,-0.52001953,0.46777344,-0.64697266
1468461470520,-0.5666504,0.5161133,-0.7038574
1468461470568,-0.5678711,0.6125488,-0.72753906
1468461470602,-0.64331055,0.94506836,-0.28100586
1468461470638,-0.61450195,0.7849121,-0.76538086
1468461470665,-0.35546875,0.68237305,-0.20727539
1468461470711,-0.39404297,0.7241211,-0.47631836
1468461470734,-0.30493164,2.3498535,-0.5102539
1468461470768,-1.0668945,-1.3352051,-0.1081543
1468461470802,-0.31201172,4.386963,-0.06738281
1468461470819,-0.52856445,-1.638916,0.3310547
1468461470869,-0.5632324,1.0859375,0.57910156
1468461470888,-0.65844727,1.1291504,0.97753906
1468461470919,-0.670166,-0.20605469,0.7897949
1468461470951,-0.52563477,-0.01977539,0.8112793
1468461471019,-0.42578125,0.25341797,0.8288574
1468461471060,-0.026123047,-0.017333984,0.51464844
1468461471102,-0.4423828,0.33154297,1.1999512
1468461471116,-0.25927734,0.15283203,0.8737793
1468461471149,-0.36865234,0.27075195,0.8496094
1468461471208,-0.4284668,0.26757813,0.8671875
1468461471254,-0.45458984,0.21386719,0.8947754
1468461471281,-0.5761719,0.51293945,0.91796875
1468461471296,-0.5671387,-0.114990234,0.9343262
1468461471348,-0.46362305,0.13061523,0.97680664
1468461471365,0.052001953,0.6467285,0.6218262
1468461471399,-0.4020996,0.30297852,0.9577637
1468461471437,-0.26000977,0.049804688,0.85424805
1468461471464,-0.3466797,-0.059570313,0.7507324
1468461471503,-0.5563965,0.31884766,0.8269043
1468461471531,-0.529541,0.26367188,0.8232422
1468461471565,-0.63671875,0.23583984,0.7548828
1468461471599,-0.6882324,0.16455078,0.79541016
1468461471632,-0.30249023,0.52197266,0.6452637
1468461471663,-0.095214844,0.671875,0.05126953
1468461471695,-0.11621094,1.3071289,0.3149414
1468461471730,-0.21289063,0.66503906,0.47802734
1468461471764,-0.31884766,0.90283203,0.38232422
1468461471780,-0.5163574,0.9980469,0.7446289
1468461471856,-0.47314453,0.6645508,0.4206543
1468461471881,-1.2116699,0.54956055,0.5222168
1468461471931,-0.60717773,0.60424805,0.41235352
1468461471950,-0.48413086,0.9482422,0.38623047
1468461471980,-0.2277832,0.9345703,0.20751953
1468461472015,-0.4050293,0.5266113,0.46484375
1468461472049,-0.5419922,0.8984375,0.24609375
1468461472076,-0.6425781,0.85424805,0.2626953
1468461472116,-0.57788086,0.779541,0.5053711
1468461472145,-0.57177734,0.7661133,0.47705078
1468461472179,-0.6086426,0.82958984,0.4099121
1468461472225,-0.39672852,0.63305664,0.45751953
1468461472261,-0.41503906,0.43969727,0.38085938
1468461472297,-0.54541016,0.70874023,0.3305664
1468461472310,-0.41845703,1.0561523,-0.103271484
1468461472344,-0.4963379,1.0397949,0.5969238
1468461472360,-0.7373047,0.7680664,-0.19311523
1468461472440,-0.296875,1.003418,-0.37109375
1468461472469,-0.70947266,0.57006836,-0.33398438
1468461472509,-0.50219727,0.3947754,-0.6166992
1468461472804,0.28173828,0.45361328,-0.5065918
1468461472850,-0.55493164,0.6381836,-0.4423828
1468461472890,-0.5185547,0.6088867,-0.70092773
1468461472926,-0.1953125,1.0803223,-0.43725586
1468461472995,-0.11035156,1.5991211,0.40600586
1468461473019,-0.5883789,0.734375,0.0068359375
1468461473044,-0.19702148,0.9187012,-0.0859375
1468461473073,-0.84350586,0.23168945,-0.8305664
1468461473110,-0.9104004,0.5539551,-1.449707
1468461473142,-0.720459,0.24194336,-1.0131836
1468461473176,-0.46826172,0.84887695,-0.99365234
1468461473213,-0.43823242,0.58154297,-0.5883789
1468461473244,-0.28295898,0.548584,-0.6130371
1468461473272,-0.23168945,0.31811523,-1.1452637
1468461473306,-0.34570313,0.2890625,-0.7770996
1468461473344,-0.32910156,0.55615234,-0.27246094
1468461473374,-0.28320313,0.6369629,-0.75
1468461473419,-0.24023438,0.7565918,-0.66552734
1468461473443,-0.4724121,0.56152344,-0.7685547
1468461473479,-0.5588379,0.25854492,-0.73535156
1468461473530,-0.34570313,0.31884766,-1.0830078
1468461473555,-0.41674805,0.8574219,-1.0493164
1468461473600,-0.43188477,0.31201172,-0.94506836
1468461473624,-0.47827148,0.5031738,-0.6022949
1468461473660,-0.7019043,0.55371094,-0.7915039
1468461473695,-0.8171387,0.2932129,-1.0307617
1468461473733,-0.5053711,0.18334961,-1.409668
1468461473770,-0.4116211,0.3173828,-1.5834961
1468461473813,-0.44873047,0.45581055,-0.13623047
1468461473852,-0.3557129,0.9328613,-0.19946289
1468461473890,-0.5739746,0.97265625,0.29125977
1468461473921,-0.46069336,1.0234375,-0.42626953
1468461473958,-0.5686035,1.0021973,0.18041992
1468461473973,-0.56884766,0.59472656,-0.0012207031
1468461474005,-0.82250977,0.94750977,-0.15429688
1468461474039,-0.44213867,0.9025879,-0.06347656
1468461474073,-0.43017578,0.3798828,0.010498047
1468461474108,-0.39648438,1.0512695,0.064941406
1468461474145,-0.38085938,0.6833496,0.08129883
1468461474185,-0.38842773,0.8376465,0.07714844
1468461474220,-0.50390625,0.9511719,0.35864258
1468461474258,-0.37036133,0.83984375,-0.35668945
1468461474305,-0.70043945,0.77197266,-0.095947266
1468461474335,-0.5065918,0.8173828,0.27441406
1468461474373,-0.5722656,1.2912598,0.23828125
1468461474408,-0.5678711,0.79003906,0.038085938
1468461474446,-0.43823242,0.87768555,0.111816406
1468461474487,-0.2890625,0.69921875,0.34301758
1468461474565,-0.39868164,0.58984375,0.45410156
1468461474597,-0.3178711,0.66186523,0.41748047
1468461474621,-0.24951172,0.5437012,0.37426758
1468461474654,-0.25073242,0.5529785,0.4206543
1468461474684,-0.24243164,0.64404297,0.3779297
1468461474718,-0.40478516,0.7949219,0.64990234
1468461474758,-0.6052246,0.9194336,0.7512207
1468461474786,-0.7751465,1.2456055,0.9626465
1468461474820,-0.6044922,1.1118164,1.005127
1468461474850,-0.3527832,1.1188965,0.86450195
1468461474885,-0.26098633,1.1513672,0.91015625
1468461474918,-0.14379883,0.71850586,0.5629883
1468461474960,-0.14575195,0.67163086,0.45288086
1468461474979,-0.14892578,0.38183594,0.17553711
1468461475019,-0.19799805,0.43066406,0.06738281
1468461475048,-0.2775879,0.23120117,-0.07470703
1468461475083,-0.2109375,-0.14453125,-0.35131836
1468461475122,1.307373,-4.206543,-1.4289551
1468461475153,0.8041992,-0.86816406,-0.48413086
1468461475186,-3.3930664,2.486084,1.7910156
1468461475219,-3.1816406,2.0810547,3.0322266
1468461475253,-0.5185547,0.8166504,1.9716797
1468461475299,-0.20043945,0.6755371,1.0202637
1468461475336,-0.6298828,0.79956055,0.90356445
1468461475366,-0.8063965,0.7607422,0.6594238
1468461475405,-0.7836914,0.87719727,0.6242676
1468461475435,-0.59033203,0.657959,0.53637695
1468461475464,-0.45898438,0.6147461,0.39648438
1468461475497,-0.18432617,0.36572266,0.19067383
1468461475537,-0.111816406,0.1628418,-0.15795898
1468461475582,0.37036133,-1.7265625,-2.196289
1468461475604,1.2055664,-1.4846191,-0.79589844
1468461475636,-1.4331055,2.208496,0.18920898
1468461475717,0.49389648,1.7897949,1.4023438
1468461475748,0.005126953,0.19384766,1.1376953
1468461475790,-0.6533203,0.5588379,1.0412598
1468461475816,-0.9416504,0.80615234,0.8964844
1468461476175,-0.27197266,0.39257813,0.44213867
1468461476235,-0.5617676,0.5461426,0.1574707
1468461476260,-0.37451172,0.6032715,0.17602539
1468461476299,-0.28759766,0.97387695,0.099609375
1468461476329,-0.07543945,1.0651855,0.056884766
1468461476363,0.080322266,1.3188477,0.16064453
1468461476397,0.11645508,1.2246094,0.111816406
1468461476415,0.15673828,0.6550293,0.059570313
1468461476459,0.7126465,-5.3447266,0.2055664
1468461476499,1.5244141,1.9060059,0.10229492
1468461476510,-0.4091797,1.2270508,-0.12475586
1468461476562,-3.1271973,0.685791,2.8757324
1468461476586,-0.7441406,1.0041504,1.7468262
1468461476621,0.040527344,1.2595215,0.9399414
1468461476659,0.1184082,0.0075683594,0.55737305
1468461476690,-0.2854004,1.0095215,0.50146484
1468461476726,-0.45629883,0.4802246,0.24682617
1468461476778,0.6101074,-4.753662,-0.6645508
1468461476812,0.1237793,-0.2915039,-0.60791016
1468461476846,-0.30810547,5.086914,-4.657715
1468461476880,-0.33129883,-7.991211,1.0998535
1468461476914,-1.2893066,7.9990234,2.7929688
1468461476967,0.54418945,-1.2368164,0.8017578
1468461476993,-0.36328125,0.30249023,0.17895508
1468461477043,-0.24365234,-0.9719238,-0.421875
1468461477082,0.56396484,-3.9353027,-1.0466309
1468461477101,-0.09082031,3.3737793,-0.43481445
1468461477142,-2.3898926,3.2321777,-4.6674805
1468461477176,-1.7866211,-2.739746,0.55126953
1468461477214,0.65649414,4.3637695,1.1643066
1468461477228,0.38232422,-0.10131836,0.34765625
1468461477260,-0.12646484,1.7976074,0.61865234
1468461477289,-0.74194336,1.1040039,0.6298828
1468461477330,-1.0720215,1.1940918,0.74560547
1468461477369,-0.8395996,1.3935547,0.6230469
1468461477401,-0.42895508,0.66796875,0.27514648
1468461477439,0.99194336,-4.3374023,-1.0869141
1468461477479,1.3566895,1.7941895,-0.8952637
1468461477489,0.7844238,2.8842773,-2.586914
1468461477540,-1.8271484,-1.5463867,1.7207031
1468461477563,-0.4428711,4.262451,1.5654297
1468461477589,0.4255371,-1.0742188,1.1989746
1468461477630,0.18701172,0.5456543,1.0253906
1468461477675,-0.63500977,0.94506836,0.8991699
1468461477744,-0.43115234,0.61694336,0.2434082
1468461477776,-0.2902832,0.40649414,-0.21264648
1468461477814,0.83862305,-3.1987305,-2.1115723
1468461477856,1.5314941,-1.6716309,-1.2131348
1468461477901,-0.6882324,-0.60009766,0.15942383
1468461477926,-3.7644043,2.8496094,3.2680664
1468461477937,-1.394043,2.506836,2.397461
1468461477983,-0.15991211,0.6682129,1.074707
1468461478006,0.90112305,-0.51953125,-0.71972656
1468461478042,2.5773926,-3.0734863,-1.2543945
1468461478077,0.9650879,-0.5949707,-0.74243164
1468461478127,-2.8271484,1.7114258,2.1047363
1468461478156,-0.83496094,1.0722656,1.0966797
1468461478189,1.920166,-2.7145996,-2.0827637
1468461478231,3.034668,-1.8395996,-1.378418
1468461478265,0.14868164,-0.43798828,-0.0715332
1468461478299,-4.116455,2.4013672,2.8710938
1468461478335,-1.3803711,2.4848633,1.6965332
1468461478370,0.8745117,-1.1477051,-0.8327637
1468461478402,2.4943848,-0.7385254,-0.72558594
1468461478438,-0.05419922,0.76708984,0.34545898
1468461478473,-2.5114746,1.9775391,1.4135742
1468461478505,-1.6308594,1.8173828,1.1188965
1468461478543,-0.33203125,1.0593262,0.704834
1468461478627,0.012939453,0.56152344,0.36791992
1468461478648,-0.061767578,0.032958984,-0.42626953
1468461478685,2.2216797,-2.9729004,-1.2268066
1468461478714,0.92578125,-2.470459,-1.670166
1468461478746,-2.1799316,0.96972656,2.0673828
1468461478781,-1.2016602,2.104248,-3.0214844
1468461479074,-1.6953125,-0.49291992,1.3859863
1468461479220,-0.34765625,-0.46166992,0.017578125
1468461479265,-4.7094727,5.0808105,3.9858398
1468461479317,-0.25097656,0.12524414,1.1855469
1468461479357,0.3635254,0.1616211,0.27685547
1468461479394,0.2944336,0.8925781,0.14501953
1468461479422,0.099609375,0.5541992,0.1850586
1468461479447,-0.013427734,1.3688965,0.8828125
1468461479490,0.12011719,0.8322754,0.62890625
1468461479528,-0.08569336,1.0622559,0.54711914
1468461479553,1.0322266,-1.4455566,-0.5695801
1468461479597,1.526123,-2.130127,-0.7504883
1468461479623,-0.16040039,0.28271484,0.73583984
1468461479660,-1.0991211,4.284912,-2.3881836
1468461479701,-0.11010742,1.7980957,0.9536133
1468461479770,0.43041992,-1.0405273,0.076660156
1468461479799,1.6147461,-4.1064453,-0.7536621
1468461479880,-2.2160645,0.42651367,-4.375
1468461479902,-1.7856445,-1.9331055,0.7421875
1468461479935,-0.63305664,2.1330566,0.8898926
1468461479973,0.33691406,-1.611084,0.5661621
1468461480011,0.012451172,0.9182129,0.28198242
1468461480039,-0.087646484,0.7355957,0.39111328
1468461480083,-0.10644531,0.4182129,0.39501953
1468461480108,-0.12207031,0.26660156,0.34228516
1468461480141,-0.3256836,0.7246094,0.4428711
1468461480179,-0.53027344,0.89575195,0.45361328
1468461480216,-0.5505371,1.2563477,0.23461914
1468461480289,-0.37939453,1.0651855,0.021972656
1468461480313,-0.32714844,1.1633301,-0.17944336
1468461480349,-0.3232422,1.0744629,-0.15625
1468461480383,-0.32421875,1.0153809,-0.30786133
1468461480418,-0.28076172,1.0100098,-0.26000977
1468461480453,-0.1965332,0.6738281,-0.58862305
1468461480480,-0.42138672,0.68847656,-0.60595703
1468461480533,-1.2526855,0.46191406,-0.54785156
1468461480564,-1.8378906,0.5036621,-0.46191406
1468461480600,-1.8063965,0.71313477,-0.27563477
1468461480615,-1.7050781,0.7236328,0.19262695
1468461480642,-1.1884766,0.91674805,0.375
1468461480660,-0.73828125,1.4394531,0.7663574
1468461480712,-0.17163086,0.89819336,1.3295898
1468461480730,1.2145996,0.39770508,0.26635742
1468461480763,2.2138672,-0.78930664,-0.6311035
1468461480808,0.91552734,0.26733398,-1.5488281
1468461480842,-0.07714844,1.005127,-1.5754395
1468461480879,-0.5739746,1.4023438,-2.0930176
1468461480909,-2.0771484,0.8754883,-1.1879883
1468461480947,-2.2443848,0.0625,-1.6958008
1468461480965,-1.5917969,1.0769043,-0.7727051
1468461481013,-0.56225586,-0.15722656,-0.4946289
1468461481028,0.00390625,0.5505371,-0.8894043
1468461481064,0.13500977,1.6516113,-0.3408203
1468461481093,-0.2668457,1.1975098,-1.8056641
1468461481128,0.029052734,-0.76953125,-1.7512207
1468461481156,-0.46875,0.23657227,0.8059082
1468461481204,-0.026855469,0.9555664,-0.71533203
1468461481217,-2.4414063E-4,0.49414063,-0.61376953
1468461481240,0.25048828,0.45458984,0.06933594
1468461481292,-0.0014648438,-0.041748047,-0.78930664
1468461481312,-0.9394531,2.0219727,-0.9758301
1468461481369,-1.0332031,1.0649414,-0.056884766
1468461481378,-0.638916,1.0371094,-0.2487793
1468461481412,-0.4958496,0.80688477,-0.1809082
1468461481449,0.22924805,0.25708008,-0.5270996
1468461481475,0.017822266,0.69018555,-0.7128906
1468461481512,-0.06201172,0.6755371,-0.75634766
1468461481542,0.07104492,0.71850586,-0.9807129
1468461481578,0.27197266,0.763916,-1.1018066
1468461481610,0.15600586,0.84814453,-1.1455078
1468461481644,-0.019042969,1.161377,-1.1660156
1468461481678,-1.8696289,-0.40576172,0.6652832
1468461481714,0.0126953125,0.42358398,-1.6650391
1468461481726,0.043945313,-0.5895996,-1.2202148
1468461481781,0.12646484,0.48291016,-1.0466309
1468461481793,-0.020263672,0.5617676,-0.78637695
1468461481822,-0.26782227,-0.3803711,-0.67871094
1468461481895,-0.15307617,0.85058594,-0.9621582
1468461481925,-0.14111328,1.2163086,-0.8718262
1468461481958,-0.09008789,-0.41186523,-1.6418457
1468461481995,0.4230957,-0.90478516,-1.7961426
1468461482026,0.07397461,-0.48388672,-0.47192383
1468461482056,-1.020752,0.94018555,-1.4692383
1468461482093,-0.1430664,0.83691406,-0.70166016
1468461482133,-0.2824707,0.08886719,-1.1821289
1468461482156,-0.28881836,1.2077637,0.04248047
1468461482191,0.1538086,1.2102051,0.18554688
1468461482210,0.27661133,0.8859863,-0.33569336
1468461482526,-0.40063477,0.60424805,-0.7492676
1468461482611,-0.4243164,1.1879883,-1.1003418
1468461482641,-0.123291016,0.14257813,-1.4584961
1468461482672,-0.9367676,0.2355957,-0.44335938
1468461482706,-0.5229492,0.9729004,-0.6645508
1468461482742,-0.72143555,0.6142578,-0.37963867
1468461482775,-0.24267578,0.3527832,-0.13696289
1468461482790,-0.35961914,-0.06762695,-0.07910156
1468461482838,-0.9729004,0.78466797,0.053466797
1468461482869,-0.79125977,0.857666,-0.11743164
1468461482887,-0.91430664,0.010498047,-0.040039063
1468461482926,-0.28466797,0.55908203,-0.41333008
1468461482969,-1.6975098,1.2958984,-0.98999023
1468461483000,-0.51708984,1.5373535,-0.6665039
1468461483035,-1.0603027,1.1240234,-1.0598145
1468461483070,-0.96362305,1.3989258,-1.0991211
1468461483104,-0.7392578,1.1862793,-0.84277344
1468461483139,-0.5234375,1.0705566,-0.47827148
1468461483176,-0.30151367,0.69506836,-0.27197266
1468461483216,-0.16821289,0.5559082,-0.16137695
1468461483253,-0.13305664,0.5974121,-0.1550293
1468461483275,-0.08227539,0.40942383,-0.041503906
1468461483325,-0.119384766,0.5703125,-0.014160156
1468461483348,-0.5097656,0.5974121,0.016113281
1468461483379,-1.2424316,1.1660156,0.06933594
1468461483415,-1.1777344,1.0053711,0.49536133
1468461483450,-0.57373047,0.7524414,0.26367188
1468461483487,-0.07519531,0.7607422,-0.022705078
1468461483516,0.009277344,0.47045898,0.5551758
1468461483554,0.004638672,0.08203125,0.27001953
1468461483586,-0.26000977,0.6940918,0.0073242188
1468461483635,-0.41479492,0.18310547,-0.9458008
1468461483665,-0.18457031,0.57592773,-0.907959
1468461483700,0.12158203,0.70336914,-1.3393555
1468461483736,0.14916992,0.8935547,-0.96484375
1468461483764,0.057861328,0.23999023,-0.56225586
1468461483802,-0.4104004,0.5527344,-0.58618164
1468461483835,-0.8430176,0.25048828,-1.7160645
1468461483866,0.43017578,-0.3996582,-0.41967773
1468461483911,-0.37182617,0.15063477,-1.1086426
1468461483935,-0.045166016,0.31347656,-1.0253906
1468461483961,0.20043945,0.3161621,-0.88427734
1468461483982,-0.57836914,0.44335938,-1.0439453
1468461484014,-0.49291992,0.4790039,-0.98461914
1468461484045,0.08569336,0.35913086,-0.9499512
1468461484083,-0.7216797,1.1188965,-0.8942871
1468461484116,-0.56152344,0.6386719,-0.95214844
1468461484149,0.13964844,-0.18286133,-1.4335938
1468461484184,0.46411133,0.94677734,-1.6147461
1468461484219,1.0012207,0.62109375,-1.015625
1468461484246,0.8635254,-1.0085449,-0.111328125
1468461484281,-0.24975586,2.5705566,0.027832031
1468461484316,-0.9025879,0.8713379,-0.015136719
1468461484333,-0.46044922,2.3686523,0.41748047
1468461484383,-0.20874023,1.6184082,0.2524414
1468461484429,-0.4958496,1.0893555,0.6665039
1468461484479,-0.037597656,1.2541504,0.18359375
1468461484505,-0.0061035156,-0.067871094,0.15429688
1468461484537,0.39624023,0.73168945,0.13452148
1468461484574,0.28588867,1.355957,-0.29858398
1468461484612,-0.2866211,0.4243164,-0.94091797
1468461484649,-0.46435547,1.4394531,-2.0029297
1468461484677,0.10839844,-0.42358398,-0.9802246
1468461484711,-0.4333496,1.3168945,0.08496094
1468461484745,-0.29663086,0.9343262,0.13793945
1468461484780,-0.20703125,0.7080078,-0.02734375
1468461484826,-0.30737305,0.9472656,-0.11352539
1468461484867,-0.3720703,0.5161133,0.23217773
1468461484895,-0.64086914,1.0236816,0.4897461
1468461484916,-1.1789551,1.5339355,0.22558594
1468461484963,-0.7421875,0.7260742,0.31518555
1468461484992,-0.57910156,0.79418945,0.24487305
1468461485024,-0.5041504,0.92407227,0.11352539
1468461485058,-0.036376953,0.46533203,0.16455078
1468461485101,-0.14233398,0.6245117,0.07885742
1468461485126,-0.079589844,1.0827637,-0.0017089844
1468461485160,-0.18310547,0.94433594,-0.13769531
1468461485209,-1.3366699,0.9638672,0.35327148
1468461485263,-0.076660156,0.4807129,-1.2966309
1468461485276,-0.013427734,1.4536133,-1.0825195
1468461485310,0.013671875,0.3779297,-1.0270996
1468461485347,-0.31811523,0.34716797,0.33007813
1468461485374,-0.7416992,1.4880371,-0.623291
1468461485406,-0.38354492,1.0224609,0.38232422
1468461485441,0.25634766,0.05029297,0.77783203
1468461485779,-0.74365234,1.7131348,0.3491211
1468461485858,-0.20629883,0.92822266,0.64282227
1468461485874,0.020751953,0.91796875,0.46655273
1468461485929,0.29003906,1.1584473,0.061035156
1468461485965,-0.16333008,1.1113281,-0.26953125
1468461485995,-0.42651367,0.91259766,-0.49414063
1468461486023,-1.1572266,0.58740234,-0.12231445
1468461486046,-1.3029785,0.7558594,0.23828125
1468461486074,-0.8696289,0.5209961,0.3869629
1468461486108,-0.4165039,0.37036133,0.7001953
1468461486143,-0.24853516,0.44482422,0.59033203
1468461486175,-0.13110352,0.77563477,0.1574707
1468461486215,-0.7895508,2.012207,-0.12207031
1468461486244,-1.2929688,1.326416,0.19018555
1468461486273,-1.0795898,1.5036621,0.43798828
1468461486306,-0.8466797,1.9379883,0.08154297
1468461486342,-0.35083008,1.5393066,-0.203125
1468461486357,0.3701172,0.8654785,-0.18847656
1468461486410,0.6188965,0.60131836,-0.025390625
1468461486442,0.5510254,0.53930664,0.026367188
1468461486455,0.3112793,0.63549805,0.43847656
1468461486507,0.34399414,0.24243164,0.26879883
1468461486526,0.3149414,0.5390625,0.26171875
1468461486556,0.2932129,0.36889648,0.111328125
1468461486591,0.5107422,0.40283203,-0.005859375
1468461486622,0.720459,0.5263672,-0.19067383
1468461486654,0.82006836,0.54907227,-0.1772461
1468461486692,0.73217773,0.515625,-0.045410156
1468461486723,0.8886719,0.41357422,-0.020996094
1468461486756,0.92626953,0.40625,-0.09301758
1468461486790,0.89331055,0.3840332,-0.115722656
1468461486825,0.9316406,0.45043945,-0.12548828
1468461486862,0.92871094,0.49536133,-0.14624023
1468461486894,0.88916016,0.49536133,-0.15551758
1468461486929,0.8820801,0.4440918,-0.109375
1468461486939,0.83935547,0.35009766,-0.2697754
1468461487004,0.7302246,0.36010742,0.060302734
1468461487037,0.87475586,0.33081055,-0.0949707
1468461487108,1.0546875,0.41455078,-0.1171875
1468461487138,0.9777832,0.3713379,-0.15698242
1468461487174,0.8955078,0.50927734,-0.09057617
1468461487209,0.82470703,0.4189453,-0.0703125
1468461487239,0.7495117,0.49023438,0.1184082
1468461487275,0.68530273,0.4091797,0.0017089844
1468461487309,0.45947266,0.4584961,0.16357422
1468461487341,0.42773438,0.40454102,0.18408203
1468461487376,0.5554199,0.48510742,0.084472656
1468461487414,0.5593262,0.8027344,0.080322266
1468461487448,0.67944336,0.7849121,-0.16992188
1468461487482,0.71362305,0.8088379,-0.060302734
1468461487522,0.64331055,0.98461914,0.48291016
1468461487552,0.4555664,1.2768555,0.43579102
1468461487586,0.14697266,1.2382813,0.10839844
1468461487622,0.43237305,1.3132324,-0.27441406
1468461487661,0.18432617,0.9995117,0.1027832
1468461487686,0.2626953,0.96533203,0.11816406
1468461487718,0.1899414,0.7043457,0.11816406
1468461487770,0.2446289,0.5239258,0.8112793
1468461487788,0.22338867,0.5124512,0.2614746
1468461487817,0.19628906,0.5336914,0.4416504
1468461487850,0.05810547,0.7976074,0.3881836
1468461487886,0.025878906,0.5283203,0.39770508
1468461487982,-0.2626953,1.0910645,0.18066406
1468461487985,-0.23706055,0.83740234,0.2734375
1468461488001,-0.3100586,0.87402344,0.37329102
1468461488049,-0.40722656,1.3549805,0.18774414
1468461488073,-0.36328125,1.1342773,0.18920898
1468461488099,-0.4482422,0.85375977,0.21728516
1468461488134,-0.48120117,0.66186523,0.2084961
1468461488173,-0.4482422,0.47827148,0.14331055
1468461488198,-0.46191406,0.32543945,0.109375
1468461488230,-0.6687012,0.85498047,0.20751953
1468461488268,-0.7697754,1.0908203,0.10205078
1468461488299,-0.9494629,1.0583496,-0.07714844
1468461488332,-0.998291,0.74487305,0.005859375
1468461488372,-0.85595703,0.53344727,0.09399414
1468461488393,-0.9147949,0.5,0.08911133
1468461488430,-1.1948242,0.84399414,0.17553711
1468461488742,-0.6489258,0.8527832,0.12133789
1468461488790,-0.47680664,0.88720703,-0.11010742
1468461488811,-0.5427246,0.77197266,9.765625E-4
1468461489139,-0.49291992,0.92407227,0.15136719
1468461489246,-0.48828125,0.86865234,0.080566406
1468461489260,-0.49609375,0.8781738,0.06982422
1468461489295,-0.51123047,0.88500977,0.064208984
1468461489330,-0.5217285,0.9050293,0.045654297
1468461489362,-0.53930664,0.9121094,0.095458984
1468461489390,-0.5041504,0.8540039,0.06689453
